    1MET      N    1   2.802   7.959   3.539  0.4010  0.8231 -0.2632
    1MET     H1    2   2.822   8.021   3.462 -1.0791  0.7238 -0.7697
    1MET     H2    3   2.862   7.990   3.613  1.1048 -1.6615  0.3255
    1MET     H3    4   2.854   7.876   3.516  0.9101  0.9706  0.3227
    1MET     CA    5   2.668   7.922   3.587  0.2747 -0.0960  0.4525
    1MET     HA    6   2.631   8.015   3.634 -0.8729  0.0859 -0.7671
    1MET     CB    7   2.572   7.875   3.470 -0.3014  0.5850  0.2061
    1MET    HB1    8   2.639   7.826   3.398 -0.0723  0.5104  0.4719
    1MET    HB2    9   2.496   7.809   3.510 -0.2597  1.8974  2.6843
    1MET     CG   10   2.510   7.992   3.400  0.3496 -0.0748  0.1970
    1MET    HG1   11   2.465   8.067   3.466  0.2424  0.3651 -0.3609
    1MET    HG2   12   2.588   8.042   3.343  0.3045  1.3025  1.2754
    1MET     SD   13   2.361   7.949   3.295 -0.0232 -0.0581 -0.0081
    1MET     CE   14   2.456   7.957   3.147  0.9957  0.4366  0.7200
    1MET    HE1   15   2.409   7.899   3.066 -1.9334  3.3512  0.1373
    1MET    HE2   16   2.471   8.063   3.124  2.5512  0.7581  2.9557
    1MET    HE3   17   2.554   7.910   3.158  0.9519  0.3402  0.7050
    1MET      C   18   2.673   7.821   3.696  0.2095 -0.3090  0.4329
    1MET      O   19   2.684   7.704   3.679 -0.5343  0.6993  0.0348
    2GLN      N   20   2.661   7.879   3.821  0.1305  0.4072  0.0690
    2GLN      H   21   2.690   7.976   3.826 -0.0146  0.4075  1.2815
    2GLN     CA   22   2.681   7.827   3.952 -1.2113 -0.4343 -0.5058
    2GLN     HA   23   2.789   7.834   3.968 -1.3735  1.2671 -0.0358
    2GLN     CB   24   2.614   7.918   4.054 -0.0176 -0.1491  0.2838
    2GLN    HB1   25   2.645   8.013   4.013  0.6298  0.3481  1.8382
    2GLN    HB2   26   2.505   7.911   4.052 -0.0281 -0.8877  1.8970
    2GLN     CG   27   2.670   7.927   4.201  0.0767  0.4503 -0.0336
    2GLN    HG1   28   2.779   7.918   4.198  0.3916  1.6798  3.4198
    2GLN    HG2   29   2.650   8.031   4.224  0.5876  0.5518 -0.0333
    2GLN     CD   30   2.612   7.834   4.309 -0.5353  0.0056  0.0462
    2GLN    OE1   31   2.664   7.831   4.421 -0.2058 -0.0678  0.3191
    2GLN    NE2   32   2.508   7.765   4.285 -0.0670  0.2199 -0.0066
    2GLN   HE21   33   2.450   7.779   4.204  0.0737 -1.5643 -0.4565
    2GLN   HE22   34   2.485   7.711   4.367  2.6582  1.2731  1.5617
    2GLN      C   35   2.650   7.675   3.969  0.3533  0.9443 -0.1161
    2GLN      O   36   2.547   7.630   3.923  0.2767  0.2800  0.1969
    3ILE      N   37   2.727   7.605   4.050 -0.1010  0.0464 -0.0074
    3ILE      H   38   2.799   7.656   4.100 -0.5609 -1.4518  2.2940
    3ILE     CA   39   2.709   7.471   4.111 -0.1149  0.1399 -0.3734
    3ILE     HA   40   2.602   7.447   4.114 -0.2878  1.0040  1.7710
    3ILE     CB   41   2.788   7.364   4.036 -0.0326 -0.0611  0.6796
    3ILE     HB   42   2.756   7.271   4.083 -0.8131  0.3347  0.9474
    3ILE    CG1   43   2.946   7.373   4.064 -0.0511  0.6686  0.8529
    3ILE   HG11   44   2.979   7.466   4.017 -0.8023  0.3856 -0.2796
    3ILE   HG12   45   2.964   7.379   4.172  2.0168  0.0191  0.5864
    3ILE    CG2   46   2.749   7.365   3.885  0.0743  0.3510 -0.8102
    3ILE   HG21   47   2.791   7.277   3.838 -2.0484 -2.4075  2.0522
    3ILE   HG22   48   2.641   7.364   3.872 -0.1596  1.4289  0.7037
    3ILE   HG23   49   2.782   7.459   3.840  2.7057  1.3512  2.7299
    3ILE     CD   50   3.027   7.250   4.035 -1.1235  0.0035 -0.0285
    3ILE    HD1   51   3.132   7.260   4.061 -0.8813  0.8536 -1.2179
    3ILE    HD2   52   2.986   7.162   4.085 -2.2745  0.7077  0.3142
    3ILE    HD3   53   3.029   7.228   3.929  1.6270  2.1148 -0.5014
    3ILE      C   54   2.740   7.483   4.261  0.5782  0.0510 -0.0187
    3ILE      O   55   2.818   7.570   4.299 -0.0087 -1.2231  0.2909
    4PHE      N   56   2.692   7.387   4.341 -0.2507 -0.5907  0.1377
    4PHE      H   57   2.646   7.314   4.287 -2.3682  1.2059 -0.6543
    4PHE     CA   58   2.735   7.351   4.473 -0.1638  0.6138  0.3150
    4PHE     HA   59   2.782   7.438   4.518  0.3531 -0.1496  1.2983
    4PHE     CB   60   2.610   7.315   4.553 -0.7329  0.6654 -0.4418
    4PHE    HB1   61   2.581   7.217   4.514 -1.0703 -0.1600  1.7499
    4PHE    HB2   62   2.627   7.300   4.659  0.7793 -2.3165 -0.9727
    4PHE     CG   63   2.497   7.417   4.546 -0.3613  0.8560 -0.4941
    4PHE    CD1   64   2.392   7.395   4.457 -0.8176 -0.0888 -0.1579
    4PHE    HD1   65   2.391   7.311   4.390 -1.3209 -0.4403  0.2770
    4PHE    CD2   66   2.505   7.536   4.618  0.6195  0.2049 -0.4886
    4PHE    HD2   67   2.592   7.551   4.680 -0.5637 -1.3287  1.6579
    4PHE    CE1   68   2.280   7.474   4.466 -0.7545 -0.1557  0.1662
    4PHE    HE1   69   2.188   7.448   4.414 -1.4084  1.7389  0.2578
    4PHE    CE2   70   2.396   7.623   4.611  0.7849 -0.1261 -0.2325
    4PHE    HE2   71   2.409   7.708   4.676  0.0247 -0.7209  0.7180
    4PHE     CZ   72   2.283   7.599   4.537  0.0873  0.7657 -0.1045
    4PHE     HZ   73   2.193   7.657   4.551  1.4112  2.2965  2.4558
    4PHE      C   74   2.817   7.228   4.468  0.2543 -0.0974  0.0925
    4PHE      O   75   2.783   7.137   4.393 -0.0123 -0.2803  0.0957
    5VAL      N   76   2.934   7.219   4.530  0.3605  0.1915 -0.3927
    5VAL      H   77   2.965   7.305   4.574  2.1164 -0.6325  0.0834
    5VAL     CA   78   3.008   7.097   4.560  0.7742 -0.8509  0.7794
    5VAL     HA   79   2.958   7.022   4.499  2.1751 -0.7370 -0.5707
    5VAL     CB   80   3.157   7.097   4.525  0.4370 -0.5868 -0.2853
    5VAL     HB   81   3.202   7.176   4.586 -1.6596  1.6842 -1.5002
    5VAL    CG1   82   3.226   6.962   4.549  0.0458 -0.0408  0.2810
    5VAL   HG11   83   3.331   6.961   4.520 -0.3010 -0.9069 -1.0321
    5VAL   HG12   84   3.204   6.938   4.653  0.2515 -0.0149  0.3318
    5VAL   HG13   85   3.188   6.886   4.481  0.0702 -0.6452  0.9249
    5VAL    CG2   86   3.170   7.144   4.384 -0.3831  0.3228  0.4804
    5VAL   HG21   87   3.111   7.089   4.312 -2.1408  0.8939  1.4146
    5VAL   HG22   88   3.149   7.251   4.387  1.2170  0.6552  2.5249
    5VAL   HG23   89   3.277   7.147   4.366 -0.4406  0.4842  0.1611
    5VAL      C   90   2.979   7.070   4.708  0.0011  0.4778  0.1861
    5VAL      O   91   3.024   7.152   4.792 -0.2385 -0.1803  1.1699
    6LYS      N   92   2.922   6.950   4.740  0.0918 -0.0840  0.9847
    6LYS      H   93   2.915   6.887   4.662  2.8467  0.5619  0.1050
    6LYS     CA   94   2.934   6.885   4.871 -0.5989 -0.7161  0.3990
    6LYS     HA   95   2.929   6.960   4.949  2.7809  1.1715 -1.0483
    6LYS     CB   96   2.818   6.784   4.880 -0.0931  0.9739 -1.1267
    6LYS    HB1   97   2.723   6.837   4.868 -1.2610 -0.6188  0.6476
    6LYS    HB2   98   2.822   6.716   4.794  0.9884  0.4099 -0.6458
    6LYS     CG   99   2.816   6.695   5.015  0.4899 -0.3537 -0.1783
    6LYS    HG1  100   2.735   6.622   5.007 -0.9808  1.0039  1.5280
    6LYS    HG2  101   2.908   6.638   5.021  1.0020  0.3005 -1.4569
    6LYS     CD  102   2.780   6.764   5.148 -0.4988 -0.0153  0.3824
    6LYS    HD1  103   2.808   6.870   5.146 -0.9257  0.0917 -1.5919
    6LYS    HD2  104   2.671   6.761   5.152 -0.6011  0.4321 -1.3704
    6LYS     CE  105   2.839   6.697   5.276  0.4612  0.0977 -0.3912
    6LYS    HE1  106   2.782   6.725   5.365 -0.8083 -0.0283 -1.1301
    6LYS    HE2  107   2.827   6.589   5.267 -1.7675  0.2435  0.1047
    6LYS     NZ  108   2.985   6.722   5.280 -0.5623  0.2567  0.4359
    6LYS    HZ1  109   3.035   6.635   5.263 -0.6194  0.0988  1.0435
    6LYS    HZ2  110   3.023   6.796   5.222 -0.4896 -2.4748 -3.2826
    6LYS    HZ3  111   2.991   6.755   5.376  1.7998 -0.5151  0.6370
    6LYS      C  112   3.071   6.814   4.876 -0.1027 -0.4740 -0.2535
    6LYS      O  113   3.090   6.719   4.801 -0.1244 -0.0411 -0.3337
    7THR      N  114   3.165   6.864   4.959  0.0846  0.6537 -0.1303
    7THR      H  115   3.148   6.939   5.024  3.0233  0.7217  0.7033
    7THR     CA  116   3.298   6.811   4.976 -1.1540 -0.3095 -0.0597
    7THR     HA  117   3.325   6.755   4.887 -0.0420  0.4446 -0.2188
    7THR     CB  118   3.400   6.927   4.991  0.4165  0.2119  0.0803
    7THR     HB  119   3.499   6.881   4.990  0.2818 -0.0747 -1.2473
    7THR    OG1  120   3.393   6.998   5.110  0.0236  0.0735  0.2429
    7THR    HG1  121   3.482   7.029   5.116 -0.3277  1.0474  0.6985
    7THR    CG2  122   3.394   7.023   4.871 -0.6970  0.2495  0.0334
    7THR   HG21  123   3.460   7.106   4.900 -1.2070  0.4717  0.5765
    7THR   HG22  124   3.430   6.969   4.784 -0.4547 -4.2864  2.6306
    7THR   HG23  125   3.293   7.062   4.860 -0.6831  0.0533 -0.8905
    7THR      C  126   3.314   6.706   5.095 -0.4033 -0.0627 -0.0420
    7THR      O  127   3.211   6.660   5.140 -0.3618  0.2479  0.1290
    8LEU      N  128   3.431   6.664   5.136 -0.6734  0.0414  0.5168
    8LEU      H  129   3.506   6.713   5.090  0.2805 -3.5671 -2.2622
    8LEU     CA  130   3.472   6.553   5.221 -0.2801 -0.0968  0.5205
    8LEU     HA  131   3.393   6.478   5.221  0.5279 -0.9836  1.6039
    8LEU     CB  132   3.609   6.497   5.166 -0.0802 -0.7999 -0.2167
    8LEU    HB1  133   3.663   6.588   5.140  1.6036 -1.9746 -0.9674
    8LEU    HB2  134   3.662   6.443   5.244  1.5996 -0.1877 -0.8784
    8LEU     CG  135   3.592   6.418   5.032  0.3077 -0.4902  0.0316
    8LEU     HG  136   3.521   6.458   4.960  1.0155 -0.0498 -0.4279
    8LEU    CD1  137   3.723   6.412   4.957 -0.9671 -0.2397  0.3242
    8LEU   HD11  138   3.715   6.363   4.861  0.8744 -0.0179  0.0420
    8LEU   HD12  139   3.768   6.511   4.944  0.7536 -0.9293  0.8512
    8LEU   HD13  140   3.797   6.363   5.019  0.1991  0.3058 -0.6230
    8LEU    CD2  141   3.540   6.277   5.064 -0.0119 -0.2774 -0.4085
    8LEU   HD21  142   3.438   6.283   5.100  0.1534  2.1988 -0.1958
    8LEU   HD22  143   3.540   6.220   4.971  0.1822  0.1100 -0.6479
    8LEU   HD23  144   3.610   6.221   5.126 -1.6174 -0.4005  1.3674
    8LEU      C  145   3.484   6.588   5.367 -1.0938 -0.3986 -0.5600
    8LEU      O  146   3.433   6.514   5.448 -0.0736 -0.1035  0.1322
    9THR      N  147   3.558   6.690   5.406 -0.6742  0.1896  0.2602
    9THR      H  148   3.600   6.745   5.331 -2.4494 -0.5828 -1.3833
    9THR     CA  149   3.588   6.742   5.539  0.5561  0.1170 -0.7995
    9THR     HA  150   3.630   6.655   5.590 -1.4910 -1.2695 -1.3158
    9THR     CB  151   3.698   6.850   5.522 -0.6650  0.2543  0.7419
    9THR     HB  152   3.714   6.894   5.620  0.9806 -1.9651  1.5462
    9THR    OG1  153   3.659   6.957   5.432  0.0015  0.3884  0.1335
    9THR    HG1  154   3.649   6.912   5.350  0.7088 -0.9880  0.7814
    9THR    CG2  155   3.836   6.798   5.473  0.7896 -0.5413 -0.8712
    9THR   HG21  156   3.920   6.864   5.491  1.7899 -2.0267  0.1413
    9THR   HG22  157   3.876   6.731   5.549 -0.5108 -1.7952 -1.2446
    9THR   HG23  158   3.850   6.755   5.374  1.8825  2.8958 -2.3655
    9THR      C  159   3.455   6.783   5.618 -0.3101 -0.5137 -0.5974
    9THR      O  160   3.467   6.866   5.706  0.1761  0.0556  0.0915
   10GLY      N  161   3.336   6.745   5.581  0.5739 -0.0828 -0.3794
   10GLY      H  162   3.335   6.659   5.528  1.4300 -0.3036 -0.0450
   10GLY     CA  163   3.206   6.784   5.646  0.1247 -0.3174  0.2089
   10GLY    HA1  164   3.159   6.691   5.676  0.9642 -1.0432 -0.6578
   10GLY    HA2  165   3.221   6.838   5.738 -0.9587 -0.3420  0.4194
   10GLY      C  166   3.128   6.872   5.552  0.3769 -0.2669  0.1463
   10GLY      O  167   3.023   6.830   5.504  0.4890 -0.0486 -0.4302
   11LYS      N  168   3.189   6.984   5.518 -0.4325  0.4465  0.0444
   11LYS      H  169   3.284   6.983   5.552 -1.2048  0.6164  2.3425
   11LYS     CA  170   3.134   7.109   5.466  0.4162  0.1137 -0.0843
   11LYS     HA  171   3.051   7.149   5.525 -0.1453 -0.2651 -0.6043
   11LYS     CB  172   3.247   7.223   5.475 -0.5209 -0.3931 -0.3494
   11LYS    HB1  173   3.202   7.321   5.458  0.9219  0.4830  0.6881
   11LYS    HB2  174   3.276   7.225   5.580 -0.3038  2.4466 -0.4159
   11LYS     CG  175   3.360   7.209   5.382  0.0991 -0.4557 -0.1188
   11LYS    HG1  176   3.396   7.107   5.374  2.9332  0.2590  1.9167
   11LYS    HG2  177   3.322   7.244   5.286 -0.5738 -1.1104 -0.0911
   11LYS     CD  178   3.476   7.308   5.409  0.0526 -0.3625 -0.2643
   11LYS    HD1  179   3.439   7.411   5.404  2.1137  0.3331 -2.6883
   11LYS    HD2  180   3.519   7.297   5.509 -0.5177 -0.6820 -0.0470
   11LYS     CE  181   3.590   7.317   5.307 -0.0398  0.2752  0.3383
   11LYS    HE1  182   3.566   7.332   5.202  1.0784 -0.3777 -0.0379
   11LYS    HE2  183   3.644   7.405   5.342  2.4765 -0.1050 -2.2397
   11LYS     NZ  184   3.683   7.207   5.320 -0.3710  0.3820 -0.4637
   11LYS    HZ1  185   3.773   7.251   5.312  0.4459 -1.3223 -0.8671
   11LYS    HZ2  186   3.676   7.146   5.400 -3.2524  0.8925 -0.2081
   11LYS    HZ3  187   3.682   7.151   5.235 -0.5808  0.9239 -0.8281
   11LYS      C  188   3.066   7.105   5.330  0.0981  0.5035  0.1082
   11LYS      O  189   3.043   6.999   5.272 -0.4903  0.2074 -0.4038
   12THR      N  190   3.031   7.223   5.272 -0.1410 -1.0595 -0.4631
   12THR      H  191   3.061   7.309   5.317 -0.1509 -2.0719  1.5662
   12THR     CA  192   2.982   7.247   5.135  0.1288  0.1605  0.1887
   12THR     HA  193   2.995   7.157   5.075 -1.6987  0.2790 -0.4626
   12THR     CB  194   2.825   7.273   5.134  0.1997 -0.1227  0.2129
   12THR     HB  195   2.802   7.356   5.200  0.5938  0.5903 -0.5461
   12THR    OG1  196   2.761   7.158   5.190 -0.3530 -0.6949  0.0440
   12THR    HG1  197   2.820   7.115   5.251  0.6340 -0.3621 -0.6526
   12THR    CG2  198   2.753   7.286   4.997 -0.2756 -0.2207 -0.2461
   12THR   HG21  199   2.779   7.372   4.935  0.1293 -0.6732 -0.7201
   12THR   HG22  200   2.762   7.198   4.932 -0.0913  1.1680 -2.2218
   12THR   HG23  201   2.645   7.284   5.012 -0.3616 -0.9904 -0.8966
   12THR      C  202   3.069   7.358   5.075 -0.0144 -0.5844  0.2722
   12THR      O  203   3.127   7.435   5.146  0.0241  0.1041 -0.1073
   13ILE      N  204   3.076   7.365   4.942  0.2501 -0.2016 -0.2780
   13ILE      H  205   3.035   7.293   4.883  1.0199 -0.4027 -0.5849
   13ILE     CA  206   3.145   7.467   4.859  0.8524 -0.3165  0.4402
   13ILE     HA  207   3.151   7.558   4.918 -2.0531  1.0666 -1.1425
   13ILE     CB  208   3.286   7.431   4.805 -0.7713  0.9719  0.0419
   13ILE     HB  209   3.280   7.341   4.744  0.7145  1.6624 -1.1990
   13ILE    CG1  210   3.372   7.405   4.925  0.6437 -0.2285  0.4326
   13ILE   HG11  211   3.383   7.498   4.982 -0.1830  1.4506 -1.9940
   13ILE   HG12  212   3.329   7.332   4.993  1.2976 -1.1676 -0.1315
   13ILE    CG2  213   3.351   7.535   4.713 -0.9629 -0.0829 -0.2502
   13ILE   HG21  214   3.443   7.497   4.670 -0.5822  0.6613 -0.1125
   13ILE   HG22  215   3.288   7.567   4.630 -0.1263  0.4973 -0.6765
   13ILE   HG23  216   3.366   7.632   4.761  1.5641 -0.1502 -0.7818
   13ILE     CD  217   3.513   7.355   4.882  0.0580  0.3014  0.3619
   13ILE    HD1  218   3.512   7.292   4.794 -2.2650  2.2900 -1.1372
   13ILE    HD2  219   3.579   7.441   4.868 -0.7378  1.3044  2.2993
   13ILE    HD3  220   3.569   7.296   4.956 -1.1598 -2.1667 -0.6163
   13ILE      C  221   3.048   7.515   4.752  0.2798 -0.1730  0.0859
   13ILE      O  222   2.992   7.437   4.676  0.3398 -0.6673 -0.0126
   14THR      N  223   3.027   7.644   4.744  0.2046 -0.7581 -0.1951
   14THR      H  224   3.047   7.709   4.819  0.6559 -1.3807  0.2328
   14THR     CA  225   2.959   7.722   4.640  0.4593  0.6850  0.1572
   14THR     HA  226   2.890   7.654   4.590  0.7593 -0.9214  1.8461
   14THR     CB  227   2.892   7.852   4.687  0.0143  0.0312 -0.2622
   14THR     HB  228   2.853   7.911   4.604 -1.7046  2.4919  2.0618
   14THR    OG1  229   2.984   7.931   4.774  0.4655  0.6678 -0.2610
   14THR    HG1  230   3.042   7.967   4.709 -1.4111 -1.5730 -3.3922
   14THR    CG2  231   2.770   7.818   4.773 -0.0812  0.0874 -0.0432
   14THR   HG21  232   2.793   7.783   4.874 -5.6915  1.6005  2.2072
   14THR   HG22  233   2.712   7.909   4.789 -2.2698 -1.1272 -0.6448
   14THR   HG23  234   2.700   7.749   4.726  1.5285 -2.7655  1.5291
   14THR      C  235   3.071   7.761   4.536 -0.2302  0.2326  0.6295
   14THR      O  236   3.176   7.821   4.573  0.4186 -0.5513  0.1343
   15LEU      N  237   3.046   7.733   4.404  0.1743 -0.6541 -1.1071
   15LEU      H  238   2.959   7.681   4.393 -0.5097 -0.1909  1.4600
   15LEU     CA  239   3.142   7.750   4.301  0.3236  0.6094 -0.2299
   15LEU     HA  240   3.207   7.831   4.334  0.6182 -0.5883  2.3895
   15LEU     CB  241   3.221   7.618   4.294 -0.0730 -0.1637  0.2405
   15LEU    HB1  242   3.246   7.571   4.389 -0.7079 -1.4425 -0.2053
   15LEU    HB2  243   3.156   7.547   4.243 -0.0540  0.2080 -0.3211
   15LEU     CG  244   3.356   7.629   4.227 -0.3629 -0.3491 -0.0729
   15LEU     HG  245   3.346   7.664   4.124 -0.6324 -1.1962 -0.3409
   15LEU    CD1  246   3.452   7.725   4.316  0.3556  0.3234  0.4475
   15LEU   HD11  247   3.402   7.758   4.407 -2.4622 -3.2220  0.4102
   15LEU   HD12  248   3.542   7.675   4.352 -0.0269 -0.1133  0.8133
   15LEU   HD13  249   3.496   7.812   4.266  0.4344  0.6960  1.1406
   15LEU    CD2  250   3.415   7.490   4.202  0.5285  0.0876 -0.0351
   15LEU   HD21  251   3.518   7.491   4.170 -0.5042 -2.2182 -4.0383
   15LEU   HD22  252   3.413   7.431   4.295 -1.2993 -0.0892 -0.1409
   15LEU   HD23  253   3.351   7.432   4.137 -1.5954 -0.6093  2.5178
   15LEU      C  254   3.077   7.790   4.168  0.2664  0.1387  0.4013
   15LEU      O  255   2.972   7.744   4.129  0.7569  0.0941 -0.2043
   16GLU      N  256   3.139   7.884   4.095  0.0703  0.4799 -0.4456
   16GLU      H  257   3.237   7.894   4.119  0.2254 -1.0877 -0.2506
   16GLU     CA  258   3.106   7.934   3.959  0.1840 -1.3400 -0.6206
   16GLU     HA  259   3.000   7.910   3.943 -0.7263 -0.0554  2.5979
   16GLU     CB  260   3.131   8.089   3.948 -0.1316  0.7397  0.9385
   16GLU    HB1  261   3.186   8.125   4.035  0.9884  0.6781  0.2711
   16GLU    HB2  262   3.193   8.105   3.860 -1.7681 -0.9748 -0.6311
   16GLU     CG  263   2.993   8.160   3.935  0.2985 -1.1395 -0.5046
   16GLU    HG1  264   2.933   8.148   4.026 -1.2257  1.7060 -1.0000
   16GLU    HG2  265   2.990   8.269   3.924 -0.6809 -1.1509 -0.4316
   16GLU     CD  266   2.900   8.102   3.827  0.5236  0.0882 -0.2361
   16GLU    OE1  267   2.780   8.133   3.833  0.8457  0.7478 -0.0961
   16GLU    OE2  268   2.941   8.029   3.740 -0.6605  0.8329  0.3577
   16GLU      C  269   3.186   7.856   3.850  0.1037 -1.1132 -0.6209
   16GLU      O  270   3.308   7.835   3.859  0.3115 -0.5061  0.2107
   17VAL      N  271   3.116   7.794   3.751  0.8372 -0.3254 -0.4042
   17VAL      H  272   3.020   7.827   3.751  1.0257  1.1057  4.2794
   17VAL     CA  273   3.174   7.716   3.642  0.4878  0.5974 -0.1813
   17VAL     HA  274   3.271   7.759   3.622  0.6695 -0.5256 -1.8857
   17VAL     CB  275   3.169   7.572   3.685  0.5880  0.0610 -0.4672
   17VAL     HB  276   3.187   7.504   3.602  1.0720 -2.9513  1.9406
   17VAL    CG1  277   3.270   7.532   3.794  0.9697 -0.0047 -0.3389
   17VAL   HG11  278   3.241   7.576   3.890 -0.3855 -1.5534  0.0072
   17VAL   HG12  279   3.274   7.425   3.815 -0.2420  0.3686  2.4030
   17VAL   HG13  280   3.366   7.561   3.752  0.3241 -2.4926 -3.8969
   17VAL    CG2  281   3.028   7.520   3.733  0.0429  0.0016  0.8878
   17VAL   HG21  282   3.031   7.422   3.780  1.7543 -0.6135 -0.4020
   17VAL   HG22  283   2.994   7.581   3.817  1.8153 -0.2535  1.8527
   17VAL   HG23  284   2.947   7.511   3.662  0.4039  1.1660  0.3158
   17VAL      C  285   3.099   7.735   3.508 -0.0928 -0.8437 -0.1870
   17VAL      O  286   2.985   7.770   3.509 -0.1779 -0.3756 -0.2840
   18GLU      N  287   3.159   7.698   3.394 -0.2299 -0.3658  0.7086
   18GLU      H  288   3.252   7.658   3.398 -0.0079 -0.1250 -1.2733
   18GLU     CA  289   3.107   7.739   3.252  0.5712  0.5072 -0.0197
   18GLU     HA  290   2.998   7.742   3.245  0.7172  2.3254 -3.2401
   18GLU     CB  291   3.158   7.878   3.220  0.2974  0.6076  0.0317
   18GLU    HB1  292   3.261   7.883   3.253  0.2318 -0.6620  0.4946
   18GLU    HB2  293   3.164   7.879   3.111 -1.8462  0.3779 -0.1570
   18GLU     CG  294   3.070   7.993   3.268 -0.5664 -0.1221  0.0031
   18GLU    HG1  295   3.094   7.998   3.375 -0.0861  2.9712 -0.1684
   18GLU    HG2  296   3.120   8.088   3.250  2.3555 -1.4808  0.4966
   18GLU     CD  297   2.920   8.006   3.241 -0.6902  0.2532  0.0661
   18GLU    OE1  298   2.874   7.929   3.157  0.3208  0.8852 -0.3205
   18GLU    OE2  299   2.855   8.084   3.313  0.0387 -0.5370 -0.0001
   18GLU      C  300   3.145   7.622   3.157 -0.3569  0.2510 -0.2993
   18GLU      O  301   3.242   7.552   3.189 -0.4054 -0.1566 -0.1505
   19PRO      N  302   3.084   7.606   3.038 -0.8645 -0.5530 -0.2946
   19PRO     CA  303   3.115   7.492   2.951 -0.5012  0.0620 -0.1210
   19PRO     HA  304   3.075   7.414   3.016 -1.3525 -1.2960 -2.1634
   19PRO     CB  305   3.024   7.517   2.828 -0.0881  0.6963  0.4422
   19PRO    HB1  306   3.071   7.526   2.731  1.2133  1.2511  1.1119
   19PRO    HB2  307   2.961   7.428   2.821 -0.8210  1.2774 -0.5687
   19PRO     CG  308   2.938   7.642   2.843  0.4805  0.2118  0.3246
   19PRO    HG1  309   2.965   7.722   2.774 -0.4396  0.6142  0.4177
   19PRO    HG2  310   2.834   7.611   2.835  1.2514 -2.0061 -2.6114
   19PRO     CD  311   2.978   7.693   2.990 -0.1814 -0.2059 -0.2027
   19PRO    HD1  312   3.009   7.796   2.983  0.2294 -0.2980  0.2027
   19PRO    HD2  313   2.898   7.685   3.064  0.6476  3.1913  1.2000
   19PRO      C  314   3.263   7.464   2.907 -0.5334 -0.3665  0.0620
   19PRO      O  315   3.297   7.347   2.879 -0.2640  0.5427 -0.1603
   20SER      N  316   3.354   7.562   2.903 -0.0331  0.0354 -0.7950
   20SER      H  317   3.324   7.650   2.940 -0.8415 -1.1775  1.7232
   20SER     CA  318   3.500   7.544   2.893 -0.6361  0.2391  0.3646
   20SER     HA  319   3.529   7.453   2.841  0.6882  0.9370 -0.2056
   20SER     CB  320   3.555   7.664   2.809  0.2354 -0.4203  0.1861
   20SER    HB1  321   3.659   7.653   2.781 -0.0878 -2.5748 -0.4786
   20SER    HB2  322   3.501   7.655   2.714 -0.4793  0.3677  0.5070
   20SER     OG  323   3.529   7.799   2.849  0.2381  0.2056  0.0370
   20SER     HG  324   3.604   7.829   2.898 -0.2922 -1.5512  2.0191
   20SER      C  325   3.573   7.543   3.026  0.5079 -0.4941 -0.1586
   20SER      O  326   3.693   7.558   3.037 -0.3519  0.3713  0.2773
   21ASP      N  327   3.504   7.512   3.141  0.1794 -0.3282  0.5530
   21ASP      H  328   3.402   7.514   3.142 -0.0085 -3.7187 -0.8045
   21ASP     CA  329   3.572   7.450   3.254  0.4664  0.1752 -0.0827
   21ASP     HA  330   3.672   7.487   3.275  0.4569  0.1258  0.0445
   21ASP     CB  331   3.495   7.440   3.388  0.2405 -0.1743  0.5650
   21ASP    HB1  332   3.388   7.447   3.366 -0.0871 -2.5319  1.1303
   21ASP    HB2  333   3.521   7.351   3.443 -1.8737 -1.4315 -0.3383
   21ASP     CG  334   3.534   7.553   3.488 -0.0041 -0.9871  0.1346
   21ASP    OD1  335   3.645   7.560   3.550  0.2972  0.2792 -0.3231
   21ASP    OD2  336   3.441   7.630   3.523 -0.2982  0.0045  0.4085
   21ASP      C  337   3.581   7.301   3.215  0.6902 -0.0701  0.1899
   21ASP      O  338   3.487   7.248   3.166 -0.1388 -0.5473  0.1854
   22THR      N  339   3.698   7.243   3.232 -0.3954  0.1023  0.7737
   22THR      H  340   3.770   7.298   3.277  0.3661 -1.2306  1.2502
   22THR     CA  341   3.713   7.098   3.237 -0.5671  0.1337 -0.1552
   22THR     HA  342   3.647   7.053   3.162 -0.0687  1.2144 -1.2542
   22THR     CB  343   3.853   7.054   3.199  0.0492 -0.1687 -0.4120
   22THR     HB  344   3.879   6.948   3.205  0.6217  0.0589  2.2710
   22THR    OG1  345   3.946   7.103   3.299  0.8513 -0.1871  0.1838
   22THR    HG1  346   4.014   7.155   3.259  0.5596 -1.5579 -2.2504
   22THR    CG2  347   3.893   7.089   3.058  0.4469  0.3625 -0.4478
   22THR   HG21  348   3.849   7.021   2.986  0.5700  0.1372 -0.3116
   22THR   HG22  349   3.860   7.191   3.036 -0.6862 -0.1130 -1.0654
   22THR   HG23  350   4.001   7.086   3.056  0.4645  0.1629  0.3939
   22THR      C  351   3.672   7.043   3.375  0.2864  0.0286 -0.6909
   22THR      O  352   3.669   7.121   3.473  0.2147 -0.2125 -0.1202
   23ILE      N  353   3.634   6.915   3.388  0.1282  0.1942 -0.4760
   23ILE      H  354   3.611   6.857   3.309 -1.7980 -0.2001  0.3350
   23ILE     CA  355   3.604   6.862   3.520 -0.3048  0.4469 -0.7492
   23ILE     HA  356   3.518   6.921   3.553  0.4398  0.8551  0.5225
   23ILE     CB  357   3.538   6.721   3.512 -0.2921 -0.0422  0.5224
   23ILE     HB  358   3.613   6.659   3.462 -1.4587 -0.1684 -1.1439
   23ILE    CG1  359   3.416   6.723   3.414 -0.2165  0.4042  0.2811
   23ILE   HG11  360   3.439   6.786   3.329  1.3283  0.3457  0.6336
   23ILE   HG12  361   3.404   6.626   3.363 -1.2133  1.5048 -1.7090
   23ILE    CG2  362   3.492   6.661   3.648  0.4049  0.1752 -0.5196
   23ILE   HG21  363   3.437   6.741   3.699  0.0687 -0.0268 -0.5621
   23ILE   HG22  364   3.432   6.572   3.633 -0.5672  0.8679 -0.9045
   23ILE   HG23  365   3.576   6.639   3.714 -1.3968 -2.4434  1.0966
   23ILE     CD  366   3.282   6.766   3.470 -0.7836  0.0852 -0.2633
   23ILE    HD1  367   3.265   6.725   3.569  0.7599  2.5180  1.1335
   23ILE    HD2  368   3.275   6.875   3.469  0.1947  0.1666  0.2239
   23ILE    HD3  369   3.205   6.743   3.397 -0.3867  0.1155 -0.6982
   23ILE      C  370   3.729   6.865   3.611 -0.5683  0.0621 -0.2415
   23ILE      O  371   3.719   6.910   3.722  0.0638  0.1342 -0.2127
   24GLU      N  372   3.851   6.836   3.554  0.0762 -0.3218 -1.0184
   24GLU      H  373   3.860   6.794   3.463 -0.0294 -0.6067 -0.9000
   24GLU     CA  374   3.977   6.859   3.623 -0.0708 -0.5742 -0.0123
   24GLU     HA  375   3.984   6.785   3.703  1.0075  0.5854  1.0035
   24GLU     CB  376   4.094   6.836   3.527 -0.1301  0.3342  0.1622
   24GLU    HB1  377   4.077   6.767   3.444  0.9861  1.0376 -0.7003
   24GLU    HB2  378   4.107   6.933   3.478 -2.6270  2.5773  3.5647
   24GLU     CG  379   4.227   6.779   3.590 -0.4629  0.2959 -0.8507
   24GLU    HG1  380   4.293   6.779   3.503  0.5351 -1.1958 -0.1509
   24GLU    HG2  381   4.264   6.841   3.673 -1.8363 -0.5407  0.4243
   24GLU     CD  382   4.200   6.635   3.639 -0.0178 -0.0595  0.0994
   24GLU    OE1  383   4.191   6.612   3.762 -0.3340  0.0971  0.2870
   24GLU    OE2  384   4.188   6.548   3.554  0.0915  0.3460  0.5656
   24GLU      C  385   3.993   7.000   3.693  0.3174 -0.0653  0.4533
   24GLU      O  386   4.051   7.013   3.801  0.3711  0.0041 -0.4054
   25ASN      N  387   3.934   7.104   3.632  0.1551  0.1865  0.2503
   25ASN      H  388   3.867   7.089   3.557  0.3315 -0.0022  0.1300
   25ASN     CA  389   3.947   7.243   3.677 -0.0547  0.2289  0.4584
   25ASN     HA  390   4.042   7.264   3.725 -0.9037  2.0167  1.4996
   25ASN     CB  391   3.942   7.333   3.555  0.0699  0.2811 -0.0495
   25ASN    HB1  392   4.007   7.295   3.476 -1.5403 -0.4545 -1.0577
   25ASN    HB2  393   3.846   7.318   3.507 -1.0814  1.8710  1.6209
   25ASN     CG  394   3.980   7.478   3.572 -0.1915  0.5972  0.8359
   25ASN    OD1  395   4.097   7.508   3.577  0.9235 -0.3757  0.0002
   25ASN    ND2  396   3.893   7.576   3.555  0.0104 -0.5404  0.7987
   25ASN   HD21  397   3.798   7.567   3.521  0.7029 -0.6416 -1.2494
   25ASN   HD22  398   3.935   7.668   3.559  0.6901 -0.7841 -0.4102
   25ASN      C  399   3.849   7.280   3.789  0.4459  0.0132 -0.0366
   25ASN      O  400   3.881   7.367   3.869 -0.1831  0.4174  0.4333
   26VAL      N  401   3.736   7.210   3.794 -0.1290 -0.1932  0.4297
   26VAL      H  402   3.712   7.144   3.721 -0.7852  1.1510 -0.6177
   26VAL     CA  403   3.630   7.230   3.900  0.2488 -0.0920  0.6586
   26VAL     HA  404   3.611   7.338   3.902  1.6881  0.1705  1.4473
   26VAL     CB  405   3.499   7.153   3.853  0.6319  0.9307 -0.2317
   26VAL     HB  406   3.534   7.050   3.842 -2.6765 -0.2988 -0.2482
   26VAL    CG1  407   3.393   7.158   3.959  0.2847 -0.2144  0.0611
   26VAL   HG11  408   3.361   7.262   3.970 -0.0521 -0.2931 -0.1660
   26VAL   HG12  409   3.304   7.098   3.940  1.1991 -1.4703 -0.2807
   26VAL   HG13  410   3.437   7.132   4.056  1.2874 -2.3501 -0.9107
   26VAL    CG2  411   3.443   7.180   3.716  0.2195  0.1396 -0.8956
   26VAL   HG21  412   3.413   7.283   3.700  0.6209  0.3791 -0.1348
   26VAL   HG22  413   3.524   7.166   3.645  0.1995  0.3778 -0.9658
   26VAL   HG23  414   3.367   7.107   3.687  0.1002 -0.7052  1.2643
   26VAL      C  415   3.691   7.199   4.043 -0.0031  0.8528  0.6696
   26VAL      O  416   3.678   7.282   4.135 -0.5869  0.0868 -0.6031
   27LYS      N  417   3.775   7.097   4.044  0.3248  0.5755  0.3665
   27LYS      H  418   3.780   7.041   3.960  1.9773  1.4571 -0.1663
   27LYS     CA  419   3.849   7.048   4.161  1.2503 -0.8751  0.2336
   27LYS     HA  420   3.781   7.038   4.245  0.6576  1.0762  0.0324
   27LYS     CB  421   3.889   6.904   4.123  0.3186 -0.1650 -0.1699
   27LYS    HB1  422   3.948   6.917   4.033 -0.5795 -0.3449 -0.7946
   27LYS    HB2  423   3.946   6.860   4.206  0.9158  0.7821 -0.0631
   27LYS     CG  424   3.775   6.807   4.091 -0.2411  0.2711  0.2216
   27LYS    HG1  425   3.699   6.801   4.169 -1.6122 -0.9119 -1.1270
   27LYS    HG2  426   3.729   6.849   4.002  0.2920  0.2407 -0.0716
   27LYS     CD  427   3.821   6.664   4.057  0.2879 -0.3317 -0.6161
   27LYS    HD1  428   3.861   6.610   4.144  1.9894  0.7520 -0.6644
   27LYS    HD2  429   3.739   6.603   4.020 -0.9168  1.3554 -0.7949
   27LYS     CE  430   3.925   6.654   3.937  0.2347 -0.3018 -0.2340
   27LYS    HE1  431   3.869   6.666   3.845  1.4191 -1.7125 -1.1713
   27LYS    HE2  432   4.000   6.733   3.937  0.2319 -0.2893 -1.6354
   27LYS     NZ  433   3.996   6.527   3.927 -1.3626 -0.5642  0.3873
   27LYS    HZ1  434   3.941   6.453   3.887 -0.0182 -0.8445 -1.0555
   27LYS    HZ2  435   4.083   6.539   3.877 -1.5779 -1.9009 -0.3420
   27LYS    HZ3  436   4.031   6.490   4.013 -0.2894 -1.5107 -0.4328
   27LYS      C  437   3.974   7.131   4.194 -0.6899  0.0936  0.3375
   27LYS      O  438   4.017   7.126   4.311 -0.4202 -0.6865 -0.5299
   28ALA      N  439   4.035   7.206   4.099  0.2861 -0.4875 -0.7711
   28ALA      H  440   3.989   7.209   4.009 -0.6796  0.4938 -0.2721
   28ALA     CA  441   4.145   7.298   4.124  0.6589  0.6991  0.7019
   28ALA     HA  442   4.211   7.236   4.186  0.5869 -0.0113  0.0930
   28ALA     CB  443   4.211   7.322   3.995 -1.0182 -0.1937  0.9621
   28ALA    HB1  444   4.260   7.232   3.956  0.0477  0.7212  0.1274
   28ALA    HB2  445   4.144   7.352   3.915  0.7336 -1.9438 -1.3194
   28ALA    HB3  446   4.285   7.402   3.994 -2.0943  0.8333 -0.1583
   28ALA      C  447   4.109   7.437   4.180 -0.5388  0.1406  0.9568
   28ALA      O  448   4.197   7.509   4.222 -0.8584 -0.1878 -0.0032
   29LYS      N  449   3.980   7.467   4.169  0.2154  0.0450 -0.3296
   29LYS      H  450   3.914   7.404   4.122  0.5844  0.7236 -1.8044
   29LYS     CA  451   3.913   7.582   4.238 -0.1993  0.2750  0.0649
   29LYS     HA  452   3.988   7.660   4.249  0.0921 -0.0992  0.9278
   29LYS     CB  453   3.787   7.622   4.153 -0.1866  0.3010  0.3864
   29LYS    HB1  454   3.727   7.533   4.134 -1.7432  1.5176 -0.6527
   29LYS    HB2  455   3.736   7.691   4.219 -1.6048  0.2245 -0.5889
   29LYS     CG  456   3.822   7.692   4.017 -0.9169  0.0118  0.4447
   29LYS    HG1  457   3.896   7.766   4.048 -0.4772 -0.8410  1.5372
   29LYS    HG2  458   3.888   7.633   3.955  2.7421  1.7581  2.3820
   29LYS     CD  459   3.709   7.765   3.946  0.2602 -0.1991 -0.4315
   29LYS    HD1  460   3.646   7.810   4.022  0.2140 -1.6904  0.4544
   29LYS    HD2  461   3.757   7.851   3.900  0.9225  1.6026  3.2973
   29LYS     CE  462   3.635   7.681   3.843 -0.2133 -0.5707  0.5957
   29LYS    HE1  463   3.697   7.605   3.796 -0.7601 -0.1058 -0.9461
   29LYS    HE2  464   3.558   7.625   3.897 -1.1319  0.4731  0.3799
   29LYS     NZ  465   3.553   7.751   3.743 -0.3198 -0.3072 -0.0943
   29LYS    HZ1  466   3.466   7.788   3.778  0.8827  3.0523 -0.3687
   29LYS    HZ2  467   3.602   7.822   3.693  0.0252 -1.2698 -1.1494
   29LYS    HZ3  468   3.527   7.688   3.668  2.2346 -2.0268  0.3065
   29LYS      C  469   3.878   7.547   4.383  0.3794  0.7076 -0.1247
   29LYS      O  470   3.829   7.629   4.456 -0.0310 -0.2201  0.4437
   30ILE      N  471   3.910   7.423   4.433  0.6595  0.4744  0.4047
   30ILE      H  472   3.957   7.363   4.366 -1.2035  1.3359 -1.8256
   30ILE     CA  473   3.872   7.370   4.568 -0.5514  0.3536 -0.1474
   30ILE     HA  474   3.860   7.457   4.632 -0.6065 -0.4061  0.9113
   30ILE     CB  475   3.732   7.299   4.581  0.2645  0.3177  0.3822
   30ILE     HB  476   3.716   7.302   4.689  1.9010  0.8584  0.6440
   30ILE    CG1  477   3.718   7.149   4.543  0.2750 -0.3245  0.5847
   30ILE   HG11  478   3.614   7.132   4.518  0.0178 -0.6833  1.8133
   30ILE   HG12  479   3.783   7.145   4.455 -0.4746  0.9615 -0.0537
   30ILE    CG2  480   3.619   7.384   4.519 -0.2916 -0.0788  0.0175
   30ILE   HG21  481   3.616   7.488   4.548 -1.0026 -0.2622  0.6617
   30ILE   HG22  482   3.619   7.370   4.411 -2.2072  1.0936 -0.1927
   30ILE   HG23  483   3.527   7.338   4.556  0.5512 -0.1777  2.0293
   30ILE     CD  484   3.739   7.046   4.658 -0.6397 -0.3867  0.5661
   30ILE    HD1  485   3.747   6.946   4.613 -1.4651 -0.1512 -0.1326
   30ILE    HD2  486   3.820   7.084   4.719 -0.4687 -2.9140  2.0880
   30ILE    HD3  487   3.652   7.050   4.724 -1.0994  1.5412 -0.1339
   30ILE      C  488   3.996   7.303   4.626 -0.5773  0.2704 -0.3873
   30ILE      O  489   3.991   7.259   4.744 -0.0437  0.4441  0.4816
   31GLN      N  490   4.109   7.293   4.550  0.9963  0.0435 -0.1744
   31GLN      H  491   4.100   7.319   4.453 -0.5282  0.1363 -0.0370
   31GLN     CA  492   4.235   7.235   4.599  0.9701 -0.5867 -0.1453
   31GLN     HA  493   4.222   7.130   4.618 -0.0061 -0.2966  0.9050
   31GLN     CB  494   4.352   7.234   4.494  0.6567 -0.3920  0.2291
   31GLN    HB1  495   4.443   7.183   4.530  2.0728  1.9340  0.2281
   31GLN    HB2  496   4.332   7.176   4.404  0.9376 -0.0509 -0.0619
   31GLN     CG  497   4.411   7.371   4.453  1.0368  0.5340  0.3195
   31GLN    HG1  498   4.328   7.439   4.435  1.2164  0.7679  0.3708
   31GLN    HG2  499   4.464   7.410   4.540  1.4921  1.2706 -0.2758
   31GLN     CD  500   4.504   7.360   4.340  0.3818 -0.3995  0.1278
   31GLN    OE1  501   4.579   7.265   4.328  0.0083 -0.1769 -0.7276
   31GLN    NE2  502   4.487   7.448   4.241  0.5875  0.0159  0.4654
   31GLN   HE21  503   4.420   7.520   4.261 -0.7662 -0.6651 -1.3891
   31GLN   HE22  504   4.512   7.430   4.144  2.3192  2.4553  0.3680
   31GLN      C  505   4.279   7.304   4.734  0.3614 -0.3261  1.1269
   31GLN      O  506   4.306   7.237   4.830  0.7985  0.1551 -0.0667
   32ASP      N  507   4.263   7.437   4.740 -0.4270  0.6823  0.4831
   32ASP      H  508   4.222   7.483   4.660 -2.2643 -0.4176  0.7118
   32ASP     CA  509   4.296   7.535   4.848  0.2149  0.0993 -0.5191
   32ASP     HA  510   4.400   7.523   4.878  0.4886  0.1175 -1.4296
   32ASP     CB  511   4.276   7.690   4.804 -0.3405  0.5008  0.2346
   32ASP    HB1  512   4.292   7.758   4.887 -1.7481 -0.9879  1.8178
   32ASP    HB2  513   4.353   7.711   4.729 -1.4413 -2.9382 -2.0859
   32ASP     CG  514   4.137   7.724   4.746 -0.3296 -0.0029  0.3247
   32ASP    OD1  515   4.091   7.837   4.751 -0.7029 -0.6270  0.3926
   32ASP    OD2  516   4.074   7.632   4.693 -0.2727  0.9538  0.1900
   32ASP      C  517   4.212   7.510   4.970  0.1902  0.0159 -0.5313
   32ASP      O  518   4.274   7.489   5.077 -0.2208 -0.2582  0.0520
   33LYS      N  519   4.076   7.499   4.950 -0.1578  0.2121 -0.2836
   33LYS      H  520   4.054   7.530   4.857 -0.6759  0.2543 -0.1517
   33LYS     CA  521   3.973   7.480   5.049  0.0285  0.7157  0.2195
   33LYS     HA  522   3.987   7.550   5.131  0.7574  0.0307  0.7130
   33LYS     CB  523   3.837   7.493   4.973 -0.9162  0.2405 -0.2382
   33LYS    HB1  524   3.827   7.424   4.890  2.3780  0.4576 -0.9444
   33LYS    HB2  525   3.752   7.471   5.038 -1.7771  0.7441 -1.1719
   33LYS     CG  526   3.808   7.642   4.931 -0.5406  0.2509 -0.4300
   33LYS    HG1  527   3.770   7.691   5.021 -0.7179  1.7218 -1.2855
   33LYS    HG2  528   3.902   7.692   4.909 -0.1021 -0.2272  0.3178
   33LYS     CD  529   3.716   7.679   4.814 -0.0775 -0.1709 -0.4927
   33LYS    HD1  530   3.705   7.593   4.748 -0.2540  1.7924 -3.1638
   33LYS    HD2  531   3.617   7.683   4.860  0.5892 -0.0673  1.0151
   33LYS     CE  532   3.750   7.807   4.748  0.0252 -0.3042 -0.8770
   33LYS    HE1  533   3.668   7.825   4.678 -0.2617  2.4426  0.0560
   33LYS    HE2  534   3.751   7.898   4.809 -1.3383  0.2162 -1.6048
   33LYS     NZ  535   3.862   7.804   4.657 -0.3790 -0.6477  0.0974
   33LYS    HZ1  536   3.865   7.873   4.583  1.7446  0.4147  1.0783
   33LYS    HZ2  537   3.947   7.824   4.707 -0.5521 -1.2785  0.6447
   33LYS    HZ3  538   3.891   7.716   4.618 -2.4321 -1.2147 -0.3258
   33LYS      C  539   3.974   7.334   5.104  0.8492 -0.7253 -0.0029
   33LYS      O  540   3.915   7.316   5.218  0.1483 -0.4354 -0.5291
   34GLU      N  541   4.033   7.231   5.043  0.2586  0.4412  0.0840
   34GLU      H  542   4.051   7.238   4.944 -0.0455  1.6043  0.1018
   34GLU     CA  543   4.018   7.098   5.101 -0.1246 -0.2840 -0.0219
   34GLU     HA  544   3.963   7.083   5.193 -0.8415 -1.7078 -0.6591
   34GLU     CB  545   3.929   7.021   4.999  0.3549  0.1251 -0.6007
   34GLU    HB1  546   3.858   7.090   4.954  0.2387 -1.2001 -2.5382
   34GLU    HB2  547   3.991   6.979   4.919  0.7676 -1.6539  0.6035
   34GLU     CG  548   3.847   6.900   5.047  0.6403 -0.2026  0.0685
   34GLU    HG1  549   3.809   6.841   4.963  0.9742 -2.4664  1.3963
   34GLU    HG2  550   3.909   6.832   5.106  1.4315 -1.6186 -2.2774
   34GLU     CD  551   3.716   6.933   5.117  0.7287 -0.2938 -0.1086
   34GLU    OE1  552   3.671   6.839   5.183 -0.4471 -0.4633  0.0238
   34GLU    OE2  553   3.669   7.049   5.114 -0.3365  0.1302  0.4546
   34GLU      C  554   4.154   7.029   5.118 -0.4594  0.3820 -0.1732
   34GLU      O  555   4.171   6.945   5.209  0.0244  0.0379 -0.4417
   35GLY      N  556   4.252   7.061   5.037 -0.0179  0.2203  0.0621
   35GLY      H  557   4.239   7.131   4.966  0.4647  1.9322  1.5881
   35GLY     CA  558   4.393   7.014   5.041 -0.0335  0.5885 -0.1563
   35GLY    HA1  559   4.457   7.096   5.006 -0.6333  1.3533  0.4941
   35GLY    HA2  560   4.424   7.005   5.146 -0.0585  0.8640 -0.1237
   35GLY      C  561   4.423   6.895   4.953 -0.1198  0.3735 -0.1862
   35GLY      O  562   4.544   6.871   4.931 -0.2460  0.0026 -0.7091
   36ILE      N  563   4.325   6.813   4.906  0.2662  0.3876  0.0552
   36ILE      H  564   4.228   6.826   4.933  0.3275 -1.6185  1.4554
   36ILE     CA  565   4.360   6.708   4.811  0.0776 -0.6574 -0.4106
   36ILE     HA  566   4.444   6.649   4.846  0.8987 -0.7572 -2.3961
   36ILE     CB  567   4.244   6.606   4.804  0.8235 -0.2712  0.6316
   36ILE     HB  568   4.147   6.648   4.781  0.9016 -1.0161 -1.2041
   36ILE    CG1  569   4.223   6.545   4.956 -0.4405  0.9716  1.0176
   36ILE   HG11  570   4.202   6.437   4.959 -0.7094  1.0547  3.7668
   36ILE   HG12  571   4.317   6.550   5.008 -0.2968  0.4223  0.8203
   36ILE    CG2  572   4.257   6.499   4.694  0.0425  0.0539  0.0372
   36ILE   HG21  573   4.346   6.443   4.721  0.7290  1.3782  0.6921
   36ILE   HG22  574   4.167   6.441   4.709 -1.1619  1.2722 -1.9407
   36ILE   HG23  575   4.265   6.540   4.592  2.5464 -1.8236 -0.6107
   36ILE     CD  576   4.111   6.613   5.034 -0.4145 -0.3944  0.1189
   36ILE    HD1  577   4.087   6.550   5.118 -2.3342  1.1818  0.8490
   36ILE    HD2  578   4.139   6.711   5.074  1.8003 -0.4164 -1.2248
   36ILE    HD3  579   4.023   6.630   4.973 -0.7028  1.0493  0.8589
   36ILE      C  580   4.393   6.770   4.673  0.1205  0.1613 -0.7719
   36ILE      O  581   4.313   6.855   4.626 -0.4726  0.1319 -0.3094
   37PRO      N  582   4.496   6.731   4.596  0.3928 -0.4743  0.3425
   37PRO     CA  583   4.521   6.785   4.461 -0.1957  0.1170  0.2858
   37PRO     HA  584   4.535   6.891   4.484  0.9501 -0.0924  0.6269
   37PRO     CB  585   4.659   6.725   4.427 -0.3346 -0.3980  0.4635
   37PRO    HB1  586   4.670   6.691   4.324 -0.0495  0.3296  0.2456
   37PRO    HB2  587   4.735   6.800   4.448 -1.2215  1.3188 -2.0250
   37PRO     CG  588   4.688   6.607   4.520  0.0348  0.6415 -0.7776
   37PRO    HG1  589   4.651   6.508   4.491 -2.3838 -0.3368  4.4102
   37PRO    HG2  590   4.792   6.596   4.550  1.0117  0.2827 -4.0260
   37PRO     CD  591   4.603   6.643   4.647 -0.0350  0.0258  0.3826
   37PRO    HD1  592   4.577   6.557   4.708  0.1376  1.2244  2.2777
   37PRO    HD2  593   4.663   6.704   4.716 -0.6477  0.8790  0.1738
   37PRO      C  594   4.409   6.750   4.364  0.3591  1.1075 -0.1291
   37PRO      O  595   4.349   6.637   4.382 -0.5765 -0.1196  0.3638
   38PRO      N  596   4.387   6.825   4.254 -0.6094  0.0588  0.0461
   38PRO     CA  597   4.278   6.798   4.163  0.6626 -0.0718 -0.2350
   38PRO     HA  598   4.185   6.817   4.217  0.8922 -0.0997  0.1844
   38PRO     CB  599   4.290   6.898   4.044  0.4954 -0.6330 -0.1159
   38PRO    HB1  600   4.278   6.861   3.942  0.5383 -3.2201  0.7684
   38PRO    HB2  601   4.220   6.979   4.062  1.0857 -0.1980  0.2420
   38PRO     CG  602   4.433   6.958   4.065 -0.3289 -0.2051 -0.3343
   38PRO    HG1  603   4.491   6.904   3.990 -0.3182 -1.8620  0.8225
   38PRO    HG2  604   4.434   7.067   4.058  1.9075 -0.0342  1.4289
   38PRO     CD  605   4.482   6.924   4.206 -0.4375  0.8310  0.1079
   38PRO    HD1  606   4.587   6.891   4.197 -0.3128  1.4843 -1.0905
   38PRO    HD2  607   4.475   7.011   4.271 -0.6618 -0.4840  1.9231
   38PRO      C  608   4.270   6.648   4.117  0.3264 -0.7709 -0.7322
   38PRO      O  609   4.170   6.590   4.137 -0.0426 -0.6162  0.0368
   39ASP      N  610   4.383   6.586   4.079 -0.3162 -0.1418  0.5012
   39ASP      H  611   4.457   6.654   4.080 -1.2303  1.0048 -2.5316
   39ASP     CA  612   4.392   6.445   4.033 -0.3435  0.4467  0.6056
   39ASP     HA  613   4.319   6.423   3.955  0.9975 -0.1569 -0.5098
   39ASP     CB  614   4.535   6.431   3.974  0.5462 -0.6888  0.0152
   39ASP    HB1  615   4.554   6.501   3.893 -2.3169 -0.1171 -0.2717
   39ASP    HB2  616   4.602   6.458   4.057 -0.3361 -0.1637  0.5795
   39ASP     CG  617   4.557   6.291   3.926 -0.9364  0.2196 -0.4923
   39ASP    OD1  618   4.615   6.214   4.003  0.2743  0.0657 -0.4667
   39ASP    OD2  619   4.514   6.248   3.819  0.6794 -0.0320 -0.4739
   39ASP      C  620   4.360   6.341   4.142  0.2756 -0.4554 -0.4830
   39ASP      O  621   4.327   6.230   4.108  0.5129 -0.2285  0.0066
   40GLN      N  622   4.360   6.377   4.271  0.3935 -0.0950 -0.1003
   40GLN      H  623   4.370   6.471   4.306  3.2125 -0.8603  1.4808
   40GLN     CA  624   4.324   6.280   4.377  0.0156 -0.9724 -0.0986
   40GLN     HA  625   4.326   6.179   4.335 -1.0500 -0.2600 -1.9675
   40GLN     CB  626   4.431   6.306   4.482  0.1057 -0.1610  0.5750
   40GLN    HB1  627   4.434   6.408   4.523  1.1272 -0.7006  1.9078
   40GLN    HB2  628   4.407   6.236   4.561 -2.2620  0.4883  0.5132
   40GLN     CG  629   4.573   6.275   4.429 -0.2404 -0.2361 -0.2369
   40GLN    HG1  630   4.607   6.334   4.345  0.4039  0.8640  0.7684
   40GLN    HG2  631   4.644   6.285   4.512 -0.4754 -1.3667  0.1324
   40GLN     CD  632   4.590   6.119   4.403 -0.5773 -0.5689 -0.6529
   40GLN    OE1  633   4.563   6.033   4.488  0.2924  0.1903  0.2256
   40GLN    NE2  634   4.646   6.078   4.292 -0.0158  0.2337  0.2739
   40GLN   HE21  635   4.674   6.147   4.223  0.5372  1.5223  1.7443
   40GLN   HE22  636   4.683   5.985   4.280  1.5660  1.0337 -1.7088
   40GLN      C  637   4.187   6.310   4.436  0.5695  1.0565  0.0991
   40GLN      O  638   4.117   6.227   4.501 -0.2355  0.1527 -0.4448
   41GLN      N  639   4.127   6.426   4.388  0.5856  0.3254 -0.4510
   41GLN      H  640   4.184   6.464   4.315 -0.4203  1.4339 -0.6832
   41GLN     CA  641   3.983   6.447   4.386 -0.7315  0.4665 -0.6753
   41GLN     HA  642   3.943   6.418   4.482  3.9194 -0.6906  1.1573
   41GLN     CB  643   3.953   6.594   4.381 -0.6918  0.0774 -0.7343
   41GLN    HB1  644   3.999   6.647   4.298  1.0475  0.0462  0.1567
   41GLN    HB2  645   3.845   6.606   4.364 -0.8305 -1.6569 -1.2489
   41GLN     CG  646   3.991   6.665   4.509 -0.0593  0.5875  0.3185
   41GLN    HG1  647   3.924   6.635   4.590 -0.0502 -0.0350  0.1000
   41GLN    HG2  648   4.093   6.646   4.544 -0.3741 -0.2730  0.8142
   41GLN     CD  649   3.966   6.815   4.481  0.5132  0.1264  0.2445
   41GLN    OE1  650   3.859   6.849   4.434 -0.1408 -0.1962  0.3938
   41GLN    NE2  651   4.052   6.904   4.516 -0.4160 -0.2720 -0.4424
   41GLN   HE21  652   4.144   6.888   4.556 -1.1989 -0.0176  1.6042
   41GLN   HE22  653   4.018   6.999   4.507 -0.8791 -0.3854  0.0563
   41GLN      C  654   3.926   6.360   4.266  0.3951 -0.3944  0.7004
   41GLN      O  655   3.982   6.339   4.154  0.3091  0.0407 -0.1931
   42ARG      N  656   3.796   6.329   4.283  0.3234 -0.9687  0.4069
   42ARG      H  657   3.752   6.335   4.374 -0.0916 -1.1440  0.2234
   42ARG     CA  658   3.705   6.303   4.172  0.9915  0.8183  0.3025
   42ARG     HA  659   3.742   6.369   4.094  1.1366  1.4677  0.9093
   42ARG     CB  660   3.730   6.154   4.125  0.7355  0.0744  0.1080
   42ARG    HB1  661   3.808   6.167   4.050 -0.8977  0.5385 -1.5337
   42ARG    HB2  662   3.758   6.098   4.215  2.4990  0.2747 -0.2785
   42ARG     CG  663   3.612   6.097   4.047  0.1456 -0.2798  0.7090
   42ARG    HG1  664   3.527   6.078   4.112  1.0641  0.2620  2.1045
   42ARG    HG2  665   3.585   6.171   3.971  1.2857  1.1142  1.6119
   42ARG     CD  666   3.635   5.971   3.961 -0.3925 -0.4500  0.3692
   42ARG    HD1  667   3.736   5.977   3.922 -0.3531 -1.5025  0.2818
   42ARG    HD2  668   3.625   5.877   4.017 -0.4375 -1.1939 -0.8582
   42ARG     NE  669   3.543   5.960   3.850  0.1610 -0.6758  0.5781
   42ARG     HE  670   3.482   6.037   3.825  0.1809 -0.5957  0.7734
   42ARG     CZ  671   3.532   5.852   3.768  0.5937 -0.1049 -0.0790
   42ARG    NH1  672   3.618   5.755   3.768 -0.6322 -0.9689 -0.2457
   42ARG   HH11  673   3.612   5.678   3.701  1.0520 -0.0865 -1.4651
   42ARG   HH12  674   3.688   5.755   3.839 -1.2365 -1.2193  0.3648
   42ARG    NH2  675   3.429   5.842   3.681  0.0503 -0.2178  0.2495
   42ARG   HH21  676   3.362   5.913   3.656  0.4837 -0.0551 -0.4584
   42ARG   HH22  677   3.423   5.752   3.635  2.9975  0.2434 -1.2000
   42ARG      C  678   3.561   6.341   4.202 -1.2110 -0.1108 -0.3254
   42ARG      O  679   3.519   6.339   4.319  0.2798  0.0399 -0.2301
   43LEU      N  680   3.485   6.380   4.097 -0.6776  0.1142  0.0870
   43LEU      H  681   3.517   6.382   4.002  0.5948 -0.9156  0.4734
   43LEU     CA  682   3.344   6.426   4.112 -0.7272  0.2615 -0.4235
   43LEU     HA  683   3.327   6.444   4.217 -0.3881  0.9200 -0.4793
   43LEU     CB  684   3.331   6.565   4.043  0.0528  0.2173  0.2446
   43LEU    HB1  685   3.348   6.553   3.936  0.4234  0.0246  0.3227
   43LEU    HB2  686   3.228   6.600   4.045 -0.3957 -1.0286  0.0262
   43LEU     CG  687   3.421   6.678   4.095 -0.6761  0.0431  1.2172
   43LEU     HG  688   3.522   6.647   4.121  0.2643  0.7973 -1.2812
   43LEU    CD1  689   3.430   6.798   4.005 -0.1771  0.3860 -0.2800
   43LEU   HD11  690   3.336   6.843   3.972  0.5420  0.1947 -2.7999
   43LEU   HD12  691   3.466   6.886   4.058 -1.5728  0.7508  0.1026
   43LEU   HD13  692   3.498   6.781   3.922 -0.3646 -1.2222 -0.1269
   43LEU    CD2  693   3.375   6.712   4.235 -0.3743 -0.0108 -0.6550
   43LEU   HD21  694   3.429   6.637   4.292 -1.5580 -1.9876 -2.0133
   43LEU   HD22  695   3.396   6.815   4.265  1.3549 -0.3958 -0.4811
   43LEU   HD23  696   3.270   6.692   4.253 -0.3920 -0.1754 -0.9086
   43LEU      C  697   3.241   6.330   4.054  0.3225  0.2133 -0.5035
   43LEU      O  698   3.272   6.251   3.966  0.8352 -0.0505 -0.4632
   44ILE      N  699   3.117   6.338   4.113  0.1285 -0.3441  0.0215
   44ILE      H  700   3.092   6.408   4.181  0.2264 -1.4764  1.2530
   44ILE     CA  701   2.993   6.282   4.062 -0.5285 -0.4971  0.2425
   44ILE     HA  702   3.008   6.259   3.957 -1.3359 -0.3276  0.0899
   44ILE     CB  703   2.969   6.155   4.154 -0.6960 -0.1923 -0.3123
   44ILE     HB  704   2.956   6.191   4.256  0.1010  1.8772 -0.9145
   44ILE    CG1  705   3.065   6.035   4.145 -0.0530 -0.4939 -0.4092
   44ILE   HG11  706   3.165   6.064   4.178 -0.4346  0.2489  0.1319
   44ILE   HG12  707   3.049   5.960   4.223  3.9683 -0.9999  0.1349
   44ILE    CG2  708   2.829   6.096   4.130  0.3623 -0.2920  0.1591
   44ILE   HG21  709   2.752   6.158   4.173  0.4366  0.9662 -1.4611
   44ILE   HG22  710   2.808   6.090   4.023 -0.1855  1.5902  0.1394
   44ILE   HG23  711   2.816   5.997   4.176  0.7789  0.4324  1.8928
   44ILE     CD  712   3.085   5.975   4.001 -0.1439 -0.1619 -0.7351
   44ILE    HD1  713   3.101   6.050   3.922 -1.3579 -0.2663 -1.0842
   44ILE    HD2  714   3.171   5.907   3.991 -0.1389 -0.7101  2.2932
   44ILE    HD3  715   3.000   5.918   3.965  0.1327 -0.7242 -0.4990
   44ILE      C  716   2.887   6.388   4.080 -0.2317  0.3762 -0.2540
   44ILE      O  717   2.887   6.452   4.183 -0.0725 -0.1138 -0.0390
   45PHE      N  718   2.800   6.408   3.982  0.3275 -0.1498  0.0054
   45PHE      H  719   2.786   6.337   3.910  0.2597  0.7696 -0.9135
   45PHE     CA  720   2.722   6.535   3.957  0.5356  0.0603  0.1378
   45PHE     HA  721   2.754   6.629   4.004  0.4624 -0.0506  0.4061
   45PHE     CB  722   2.715   6.551   3.804  0.4824  0.4903 -0.3100
   45PHE    HB1  723   2.814   6.540   3.760  0.2939  1.8125 -1.1253
   45PHE    HB2  724   2.657   6.467   3.769  1.5169 -0.7491  0.8281
   45PHE     CG  725   2.674   6.685   3.738 -0.7505 -0.4467 -0.7755
   45PHE    CD1  726   2.539   6.711   3.717  0.3484  0.1798  0.4972
   45PHE    HD1  727   2.470   6.632   3.741  0.8459 -0.0551  1.1903
   45PHE    CD2  728   2.779   6.774   3.726  0.1268 -0.8194 -0.1318
   45PHE    HD2  729   2.880   6.767   3.765 -0.5165 -2.2569  1.4048
   45PHE    CE1  730   2.505   6.830   3.657  0.1301 -0.5447 -0.0317
   45PHE    HE1  731   2.402   6.852   3.636 -0.1527 -0.7053  1.0669
   45PHE    CE2  732   2.741   6.890   3.650 -0.1437  0.3234  0.1968
   45PHE    HE2  733   2.816   6.962   3.623  1.6061 -1.3116  0.5641
   45PHE     CZ  734   2.602   6.921   3.628  0.1521 -0.1218  1.0354
   45PHE     HZ  735   2.566   7.015   3.590 -2.1713 -0.6652  1.7694
   45PHE      C  736   2.584   6.501   4.013  0.1616  0.6487  0.6928
   45PHE      O  737   2.496   6.461   3.934 -0.9083 -0.0040  0.0147
   46ALA      N  738   2.548   6.491   4.148 -0.2161  0.5660  0.7340
   46ALA      H  739   2.623   6.518   4.211  0.1054 -0.5224  0.8265
   46ALA     CA  740   2.410   6.469   4.207 -0.4437 -0.0501  0.4740
   46ALA     HA  741   2.421   6.487   4.313 -1.7593 -2.0625  0.9936
   46ALA     CB  742   2.301   6.562   4.155  0.3433 -0.6660 -0.0616
   46ALA    HB1  743   2.322   6.668   4.137 -1.6446 -0.5267 -2.0663
   46ALA    HB2  744   2.252   6.539   4.062  0.9400  0.3638 -0.6460
   46ALA    HB3  745   2.227   6.553   4.235  0.8684 -3.2448  0.2354
   46ALA      C  746   2.369   6.323   4.195  1.1603  0.2409 -0.3001
   46ALA      O  747   2.368   6.244   4.292  0.1414  0.3292 -0.0420
   47GLY      N  748   2.329   6.280   4.074 -0.5660  0.1146  0.0748
   47GLY      H  749   2.333   6.354   4.005 -0.2063 -0.7961 -0.9171
   47GLY     CA  750   2.318   6.145   4.030  0.8426 -0.5529  0.3449
   47GLY    HA1  751   2.394   6.093   4.088  0.1316 -2.8418 -0.6566
   47GLY    HA2  752   2.220   6.103   4.049  0.7189 -0.0466  0.8405
   47GLY      C  753   2.349   6.113   3.879  0.2685 -0.7650 -0.4577
   47GLY      O  754   2.323   6.002   3.832  0.5397 -0.4087  0.1486
   48LYS      N  755   2.398   6.214   3.804  0.3746  0.2924  0.3995
   48LYS      H  756   2.438   6.288   3.860  0.8721 -0.1579  0.6484
   48LYS     CA  757   2.454   6.188   3.673  1.0553 -0.5151  0.5093
   48LYS     HA  758   2.399   6.108   3.622 -1.8038  1.4060  0.2803
   48LYS     CB  759   2.443   6.324   3.588  0.3143 -0.4981 -0.2842
   48LYS    HB1  760   2.336   6.343   3.581  0.1682  0.5763  3.3308
   48LYS    HB2  761   2.482   6.411   3.639  0.3971 -1.1980  0.8758
   48LYS     CG  762   2.488   6.313   3.440  0.0347  0.1392  0.2552
   48LYS    HG1  763   2.591   6.283   3.453  0.0027  0.0950  0.4181
   48LYS    HG2  764   2.439   6.225   3.399 -1.3891  0.7334  0.5917
   48LYS     CD  765   2.481   6.442   3.356  0.1290 -0.5012  0.0913
   48LYS    HD1  766   2.505   6.416   3.253  3.0289 -1.4501  0.9227
   48LYS    HD2  767   2.383   6.490   3.353  0.5706  0.3997 -0.9157
   48LYS     CE  768   2.572   6.556   3.403 -0.2414 -0.2481 -0.1615
   48LYS    HE1  769   2.540   6.568   3.506  3.3762  1.4457  0.9464
   48LYS    HE2  770   2.674   6.517   3.397  0.8972  1.9505  2.4892
   48LYS     NZ  771   2.559   6.688   3.333 -0.7595 -0.1531 -0.6453
   48LYS    HZ1  772   2.462   6.708   3.309 -1.0961 -0.7551  0.1714
   48LYS    HZ2  773   2.608   6.763   3.380  0.7657 -0.9208 -0.9496
   48LYS    HZ3  774   2.599   6.687   3.240  1.6705 -2.6089  0.2846
   48LYS      C  775   2.596   6.144   3.686 -0.3205  0.2292  0.1065
   48LYS      O  776   2.667   6.186   3.777 -0.3208 -0.9097  0.5291
   49GLN      N  777   2.648   6.062   3.589 -0.3297  0.0509 -0.0937
   49GLN      H  778   2.581   6.027   3.521 -0.5448  1.6673 -0.7563
   49GLN     CA  779   2.789   6.015   3.583 -0.4143  0.3467 -0.1602
   49GLN     HA  780   2.813   5.977   3.683  1.0930 -2.3843 -1.4708
   49GLN     CB  781   2.798   5.897   3.487  0.0961  0.1227  0.9696
   49GLN    HB1  782   2.773   5.804   3.536 -0.7954 -1.0678 -1.5500
   49GLN    HB2  783   2.719   5.903   3.412 -1.1213 -2.6133  1.9703
   49GLN     CG  784   2.927   5.863   3.409  0.2923 -0.2770 -0.1510
   49GLN    HG1  785   2.894   5.772   3.359 -0.3375  0.1045 -0.4428
   49GLN    HG2  786   2.953   5.943   3.340 -0.4040  0.5897  0.5664
   49GLN     CD  787   3.047   5.818   3.498  0.2404  0.6349  0.1029
   49GLN    OE1  788   3.049   5.860   3.616 -0.0716  0.1362 -0.5850
   49GLN    NE2  789   3.141   5.733   3.455  0.5333 -0.1767  0.3998
   49GLN   HE21  790   3.144   5.685   3.366  0.8139 -0.0606  0.3445
   49GLN   HE22  791   3.217   5.710   3.518  0.3592 -0.7561  0.4054
   49GLN      C  792   2.876   6.133   3.536  0.6000 -0.1090  0.0898
   49GLN      O  793   2.831   6.218   3.459  0.1898 -0.5502  0.3788
   50LEU      N  794   3.005   6.131   3.575  0.1735  0.2392 -0.4457
   50LEU      H  795   3.031   6.053   3.635  0.4443 -0.0720 -0.9619
   50LEU     CA  796   3.109   6.216   3.538 -0.2854  1.0927 -0.8438
   50LEU     HA  797   3.069   6.269   3.452 -2.1726  2.1180  0.5693
   50LEU     CB  798   3.154   6.321   3.649  0.6070  0.1334 -0.6126
   50LEU    HB1  799   3.175   6.265   3.740 -0.2970  1.2679  0.3567
   50LEU    HB2  800   3.240   6.372   3.608 -0.7893  1.8173 -1.5908
   50LEU     CG  801   3.050   6.432   3.679  0.1142  0.0595 -0.4259
   50LEU     HG  802   2.960   6.378   3.706 -1.1535  2.0629 -0.4598
   50LEU    CD1  803   3.097   6.530   3.790 -0.3199  0.3122  0.2687
   50LEU   HD11  804   3.164   6.479   3.858 -0.8981 -1.1844 -0.2474
   50LEU   HD12  805   3.162   6.609   3.754 -1.2054  0.3455 -1.3536
   50LEU   HD13  806   3.013   6.570   3.848  0.1512 -1.5722  2.4111
   50LEU    CD2  807   3.013   6.516   3.556  0.2754  0.1092  0.4471
   50LEU   HD21  808   2.935   6.459   3.504  0.4060  0.9001 -0.6361
   50LEU   HD22  809   2.974   6.614   3.583  1.4561  0.4613  0.9122
   50LEU   HD23  810   3.091   6.553   3.490 -1.3907  3.9140  0.3896
   50LEU      C  811   3.232   6.130   3.496  0.6635 -0.4365  0.5295
   50LEU      O  812   3.299   6.075   3.583 -0.5854  0.3462 -0.6009
   51GLU      N  813   3.263   6.124   3.366  0.0183  0.4776 -0.3403
   51GLU      H  814   3.208   6.157   3.287 -0.7626  0.0414 -0.0036
   51GLU     CA  815   3.401   6.103   3.330 -0.2589 -0.6545  0.4353
   51GLU     HA  816   3.429   6.005   3.371  0.3767  0.0099  1.6278
   51GLU     CB  817   3.410   6.078   3.175  0.4993  0.6242  1.0292
   51GLU    HB1  818   3.350   6.154   3.123  0.4960  1.1111  1.7268
   51GLU    HB2  819   3.515   6.092   3.151  0.5511  1.4147  1.6829
   51GLU     CG  820   3.371   5.938   3.137 -0.0135  0.2105  0.0171
   51GLU    HG1  821   3.462   5.882   3.163 -0.5572 -0.1475  1.2781
   51GLU    HG2  822   3.291   5.901   3.201 -1.8554  1.5418 -1.4505
   51GLU     CD  823   3.346   5.922   2.989 -0.1801 -0.3725 -0.0947
   51GLU    OE1  824   3.436   5.964   2.912 -0.6177 -0.1676  0.3938
   51GLU    OE2  825   3.231   5.888   2.946  0.3566 -0.6132 -0.4500
   51GLU      C  826   3.488   6.227   3.369 -0.3071 -0.4127  0.0108
   51GLU      O  827   3.470   6.336   3.325 -0.1280  0.6305  0.2519
   52ASP      N  828   3.577   6.208   3.462  0.2425  0.3010 -0.9804
   52ASP      H  829   3.613   6.118   3.488  1.6216  1.1048  0.0942
   52ASP     CA  830   3.634   6.312   3.551  0.9582  0.1405  0.4323
   52ASP     HA  831   3.554   6.381   3.580 -0.4699 -1.5452  0.6918
   52ASP     CB  832   3.679   6.238   3.679 -0.1910  0.3672 -1.0097
   52ASP    HB1  833   3.594   6.185   3.722 -0.7411  0.5165 -1.8656
   52ASP    HB2  834   3.753   6.162   3.652 -0.2893  0.3841 -1.3413
   52ASP     CG  835   3.727   6.333   3.775 -0.4912 -0.0147 -1.3159
   52ASP    OD1  836   3.653   6.383   3.861  0.5533  0.8083  0.1345
   52ASP    OD2  837   3.851   6.340   3.780 -0.2494  0.1714 -0.0633
   52ASP      C  838   3.742   6.401   3.477  0.7332  0.4438  0.4373
   52ASP      O  839   3.807   6.493   3.531  0.2053  0.3372  0.2258
   53GLY      N  840   3.760   6.380   3.346  0.6430 -0.5207  0.0351
   53GLY      H  841   3.691   6.326   3.295  1.6024  0.4846 -2.4647
   53GLY     CA  842   3.861   6.451   3.265  0.8886  0.3477  0.0593
   53GLY    HA1  843   3.919   6.521   3.324  2.3880  1.5541 -2.6444
   53GLY    HA2  844   3.932   6.373   3.235 -0.5087 -1.4939  1.2997
   53GLY      C  845   3.802   6.524   3.138  0.4648  0.4715 -0.3127
   53GLY      O  846   3.874   6.567   3.051  0.0784  0.3001  0.5985
   54ARG      N  847   3.666   6.529   3.125 -0.4779 -0.4166  0.0882
   54ARG      H  848   3.618   6.532   3.214  0.9144 -1.7893  0.9279
   54ARG     CA  849   3.594   6.585   3.003 -0.0099  0.0534  0.1245
   54ARG     HA  850   3.651   6.584   2.910  0.6771  1.4302  0.5008
   54ARG     CB  851   3.467   6.498   2.992  0.4555 -0.4600  0.0818
   54ARG    HB1  852   3.401   6.500   3.080 -1.2256  1.5936 -1.1490
   54ARG    HB2  853   3.395   6.545   2.924  1.5883 -0.6607 -1.3097
   54ARG     CG  854   3.491   6.351   2.956  0.1778 -0.3122  0.5507
   54ARG    HG1  855   3.563   6.287   3.007 -0.9121 -0.9766  1.3002
   54ARG    HG2  856   3.404   6.300   2.998 -0.7024  1.5084  0.9961
   54ARG     CD  857   3.508   6.310   2.809 -0.4753  0.5299 -0.2900
   54ARG    HD1  858   3.491   6.389   2.736 -1.3580 -0.9984 -1.7877
   54ARG    HD2  859   3.613   6.286   2.791 -0.5498  1.3087 -1.9471
   54ARG     NE  860   3.433   6.188   2.786  0.5162 -0.5302 -0.2667
   54ARG     HE  861   3.456   6.111   2.848 -0.5577 -1.2541 -0.7455
   54ARG     CZ  862   3.332   6.167   2.693  0.0519  0.5379 -0.4005
   54ARG    NH1  863   3.279   6.260   2.622 -0.1103  0.7580  0.9194
   54ARG   HH11  864   3.287   6.358   2.649  1.9986  0.9981 -0.3851
   54ARG   HH12  865   3.198   6.245   2.564  0.0643  0.4885  0.7526
   54ARG    NH2  866   3.293   6.041   2.683  0.1680  0.0339  0.0081
   54ARG   HH21  867   3.320   5.988   2.764  0.9197  0.0964 -0.1968
   54ARG   HH22  868   3.210   6.002   2.639  0.1869 -3.1309  2.4427
   54ARG      C  869   3.569   6.730   3.028  0.6353  0.3389  0.0958
   54ARG      O  870   3.625   6.789   3.120 -0.2770 -0.8861  0.8995
   55THR      N  871   3.496   6.797   2.938  0.5221 -0.9081 -0.1000
   55THR      H  872   3.454   6.741   2.865 -0.1799 -3.2500  1.9687
   55THR     CA  873   3.464   6.938   2.955  0.7259 -0.6181 -0.3415
   55THR     HA  874   3.542   6.982   3.018 -0.3587 -0.8105  1.2220
   55THR     CB  875   3.440   7.001   2.813  0.9765 -0.5257 -0.8280
   55THR     HB  876   3.430   7.109   2.819 -0.1517 -0.6315 -0.4741
   55THR    OG1  877   3.325   6.945   2.741 -0.5753 -0.4029 -0.1677
   55THR    HG1  878   3.337   6.852   2.753 -1.0707 -0.3066  1.2792
   55THR    CG2  879   3.563   6.983   2.718  0.2344  0.1216 -0.1912
   55THR   HG21  880   3.582   6.876   2.705  2.9308  0.3466  1.2763
   55THR   HG22  881   3.562   7.028   2.619 -0.6495  3.7912  1.3507
   55THR   HG23  882   3.648   7.016   2.776 -0.4521  0.9435  0.3750
   55THR      C  883   3.332   6.944   3.035 -0.0578  0.8097  0.6537
   55THR      O  884   3.288   6.837   3.082  0.5454 -0.2722  0.0358
   56LEU      N  885   3.272   7.063   3.051  0.1871  0.6520  0.0375
   56LEU      H  886   3.316   7.151   3.026 -0.5292  1.2412  0.7825
   56LEU     CA  887   3.124   7.074   3.079 -0.3523  0.3411 -0.0352
   56LEU     HA  888   3.082   6.977   3.108 -2.1756  0.4003 -2.2003
   56LEU     CB  889   3.110   7.169   3.202 -0.0277 -1.1824 -0.1775
   56LEU    HB1  890   3.171   7.254   3.171  3.4131 -3.2674  0.5096
   56LEU    HB2  891   3.008   7.206   3.216 -0.8814 -3.9435  1.7250
   56LEU     CG  892   3.142   7.116   3.342  0.5774 -0.3207 -0.0303
   56LEU     HG  893   3.235   7.058   3.339  1.3235  0.8267  0.4087
   56LEU    CD1  894   3.169   7.219   3.446 -0.2780  0.4667 -0.5191
   56LEU   HD11  895   3.245   7.291   3.419  1.0512  0.1969  2.2316
   56LEU   HD12  896   3.079   7.265   3.486 -0.6547  1.6947 -2.6701
   56LEU   HD13  897   3.208   7.158   3.528 -0.0035 -0.2670 -1.1744
   56LEU    CD2  898   3.027   7.031   3.412  0.0678 -0.0258  0.3021
   56LEU   HD21  899   3.021   6.930   3.371 -0.8031  0.0136  0.3221
   56LEU   HD22  900   3.055   7.009   3.515  1.1563  0.8582  0.2089
   56LEU   HD23  901   2.926   7.071   3.403 -0.4774 -0.7487  2.4781
   56LEU      C  902   3.045   7.131   2.959  0.0133 -0.4071 -0.6568
   56LEU      O  903   2.932   7.178   2.970 -0.1236 -0.1794  0.1139
   57SER      N  904   3.094   7.123   2.835 -0.1578 -0.2709  0.6123
   57SER      H  905   3.189   7.092   2.824 -0.6118 -1.0018 -1.6412
   57SER     CA  906   3.018   7.136   2.709 -0.6586  0.1626  0.3841
   57SER     HA  907   2.937   7.207   2.725 -0.6639 -0.0722  1.4531
   57SER     CB  908   3.116   7.200   2.601  0.0433 -0.1948 -0.9184
   57SER    HB1  909   3.063   7.248   2.519 -0.9240 -1.4651 -1.0631
   57SER    HB2  910   3.150   7.287   2.656 -1.7031 -0.3373  0.4657
   57SER     OG  911   3.223   7.130   2.551 -0.6066  0.3907  0.0059
   57SER     HG  912   3.259   7.081   2.624  0.8821 -1.1490 -1.6763
   57SER      C  913   2.963   6.997   2.675  0.3829  0.1430  0.5989
   57SER      O  914   2.846   6.976   2.677  0.5950  0.4702  0.1016
   58ASP      N  915   3.057   6.902   2.658  0.3548  0.0532 -0.8449
   58ASP      H  916   3.155   6.926   2.660  0.2808  0.3901 -1.1744
   58ASP     CA  917   3.033   6.760   2.635 -0.5076  0.2537  0.2075
   58ASP     HA  918   2.967   6.750   2.549  1.8932 -2.4290 -1.4951
   58ASP     CB  919   3.165   6.691   2.585  0.0612  0.4599 -0.9705
   58ASP    HB1  920   3.142   6.617   2.508  0.4698 -0.0931 -0.5704
   58ASP    HB2  921   3.234   6.753   2.526  2.7146 -3.0930 -1.9603
   58ASP     CG  922   3.253   6.627   2.691 -0.0290 -0.2089 -0.0036
   58ASP    OD1  923   3.259   6.506   2.691  0.0274  0.0855  0.2793
   58ASP    OD2  924   3.313   6.695   2.776 -0.2776  0.0875 -0.3878
   58ASP      C  925   2.960   6.699   2.754 -0.7610  0.6839 -0.3761
   58ASP      O  926   2.844   6.667   2.737  0.2086 -0.2230  0.2888
   59TYR      N  927   3.025   6.687   2.871  0.6358 -1.1726 -0.2869
   59TYR      H  928   3.124   6.708   2.872  0.2925  0.5303  0.4341
   59TYR     CA  929   2.958   6.632   2.994 -0.1177 -0.6494  0.0835
   59TYR     HA  930   2.913   6.543   2.954  2.0162 -1.1180 -1.4530
   59TYR     CB  931   3.070   6.584   3.095 -0.6184  0.2948 -0.4668
   59TYR    HB1  932   3.162   6.621   3.054 -1.0328  0.0770 -1.6089
   59TYR    HB2  933   3.061   6.632   3.193 -0.5145 -0.0645 -0.2752
   59TYR     CG  934   3.083   6.430   3.096  0.2658  0.4544 -0.0987
   59TYR    CD1  935   3.001   6.357   3.184 -0.4045 -0.3158  0.5139
   59TYR    HD1  936   2.937   6.412   3.251  0.1869  1.0001  0.0611
   59TYR    CD2  937   3.153   6.361   2.993  0.2934  0.2190 -0.3165
   59TYR    HD2  938   3.206   6.404   2.910 -0.1358 -2.6321 -2.2217
   59TYR    CE1  939   2.991   6.215   3.176  0.1509 -0.1646 -0.6905
   59TYR    HE1  940   2.923   6.160   3.239 -1.4367  0.6790 -1.6090
   59TYR    CE2  941   3.139   6.220   2.983 -1.2175  0.2829  0.2873
   59TYR    HE2  942   3.177   6.166   2.898 -1.6024  0.0940  0.2315
   59TYR     CZ  943   3.060   6.149   3.075 -0.4099  0.2237  0.7698
   59TYR     OH  944   3.027   6.022   3.049  0.4234 -0.0584 -0.0356
   59TYR     HH  945   3.090   5.970   3.001 -1.8732 -0.8482 -2.4716
   59TYR      C  946   2.849   6.717   3.058  0.1286 -0.8639  0.3038
   59TYR      O  947   2.774   6.670   3.145 -0.0851  0.0766 -0.4934
   60ASN      N  948   2.836   6.839   3.005  0.3469  0.5393  0.3964
   60ASN      H  949   2.906   6.864   2.937 -0.6411 -0.6111 -1.0914
   60ASN     CA  950   2.720   6.933   3.009 -0.2539  0.7412 -0.3406
   60ASN     HA  951   2.760   7.013   2.947  1.7330  1.0422  1.2178
   60ASN     CB  952   2.607   6.891   2.918 -0.2994 -0.2699  0.4312
   60ASN    HB1  953   2.539   6.974   2.897 -1.5830 -1.6388 -1.2080
   60ASN    HB2  954   2.645   6.871   2.817 -3.0601 -1.1375 -0.5491
   60ASN     CG  955   2.524   6.769   2.953 -0.1767 -0.6478  0.3805
   60ASN    OD1  956   2.466   6.761   3.063 -0.1834  0.0858 -0.3160
   60ASN    ND2  957   2.542   6.662   2.884 -0.1770  0.0303  0.6854
   60ASN   HD21  958   2.615   6.666   2.814  0.3600 -1.2790  1.1338
   60ASN   HD22  959   2.507   6.570   2.909 -0.5774  0.4623  1.7174
   60ASN      C  960   2.685   6.989   3.141  0.8006 -0.5730  0.4712
   60ASN      O  961   2.662   6.916   3.235  0.1877  0.1400 -0.6592
   61ILE      N  962   2.685   7.124   3.154 -0.1847 -0.0837 -0.3371
   61ILE      H  963   2.714   7.171   3.071 -1.0422 -1.9579 -1.7784
   61ILE     CA  964   2.644   7.207   3.271 -0.7346 -0.5863  1.1459
   61ILE     HA  965   2.684   7.169   3.365 -0.1917 -0.0696  1.1293
   61ILE     CB  966   2.716   7.348   3.245  0.2278  0.5314 -0.6914
   61ILE     HB  967   2.822   7.350   3.215 -0.1507  2.2774 -2.1010
   61ILE    CG1  968   2.708   7.458   3.361  0.0259  0.0462  0.7956
   61ILE   HG11  969   2.785   7.529   3.332  1.6060 -1.0468  2.1897
   61ILE   HG12  970   2.607   7.502   3.356 -0.1193 -0.3598 -0.8090
   61ILE    CG2  971   2.667   7.412   3.113  0.0717 -0.3734 -0.1617
   61ILE   HG21  972   2.679   7.344   3.029 -0.5773 -0.1690 -0.4323
   61ILE   HG22  973   2.562   7.440   3.115  0.2612  0.4079  2.2798
   61ILE   HG23  974   2.733   7.494   3.083  1.9618 -1.4703  0.7791
   61ILE     CD  975   2.744   7.408   3.505  0.4130 -0.1544  0.4934
   61ILE    HD1  976   2.837   7.353   3.505 -0.8956 -2.7662 -3.0909
   61ILE    HD2  977   2.749   7.493   3.573 -0.8824  0.0734  0.3337
   61ILE    HD3  978   2.664   7.348   3.547  2.6983 -2.3028  2.0131
   61ILE      C  979   2.492   7.214   3.276 -0.5063 -0.3454 -1.1551
   61ILE      O  980   2.420   7.234   3.183 -0.2350  0.0767  0.2980
   62GLN      N  981   2.448   7.175   3.400 -0.1499  0.3457 -0.2719
   62GLN      H  982   2.525   7.177   3.466 -0.9524  2.4906  0.7038
   62GLN     CA  983   2.319   7.223   3.453 -0.0105  0.3730 -0.6089
   62GLN     HA  984   2.255   7.278   3.383 -0.3443 -2.2070 -2.4973
   62GLN     CB  985   2.249   7.101   3.520 -0.3653  0.9360  0.6257
   62GLN    HB1  986   2.308   7.032   3.580 -0.5269 -0.5832 -0.9148
   62GLN    HB2  987   2.161   7.136   3.574 -0.5201  0.1106  0.9122
   62GLN     CG  988   2.178   7.017   3.412  0.2229  0.5956  0.8288
   62GLN    HG1  989   2.098   6.958   3.457 -1.1630  1.6762 -0.1276
   62GLN    HG2  990   2.118   7.081   3.347 -1.8937  1.8942  3.8411
   62GLN     CD  991   2.264   6.914   3.336  0.4076  0.3416 -0.1682
   62GLN    OE1  992   2.314   6.822   3.393 -0.7740  0.4041 -0.3219
   62GLN    NE2  993   2.292   6.935   3.208 -0.8478  0.0808 -0.3560
   62GLN   HE21  994   2.263   7.023   3.167  0.5819  1.7530  1.9619
   62GLN   HE22  995   2.350   6.866   3.164  0.5209 -0.2843  1.8322
   62GLN      C  996   2.356   7.314   3.570  0.4824  0.1661  0.4608
   62GLN      O  997   2.430   7.268   3.656 -0.3442  0.3940 -0.0094
   63LYS      N  998   2.300   7.438   3.577  0.2276 -0.3012 -0.5460
   63LYS      H  999   2.220   7.461   3.521 -0.1044  0.6031  0.2752
   63LYS     CA 1000   2.319   7.526   3.693 -0.2369  0.7198 -0.0004
   63LYS     HA 1001   2.420   7.536   3.734 -0.8893 -0.3361  2.0153
   63LYS     CB 1002   2.268   7.671   3.651 -0.3556  0.1954  0.0586
   63LYS    HB1 1003   2.302   7.707   3.554 -1.7624 -0.3788 -0.6721
   63LYS    HB2 1004   2.161   7.662   3.633  0.1792 -2.7705 -2.4486
   63LYS     CG 1005   2.287   7.786   3.754 -0.3975  0.4452 -0.0683
   63LYS    HG1 1006   2.260   7.750   3.853 -2.5945 -2.0834 -1.4586
   63LYS    HG2 1007   2.393   7.811   3.753  0.4330 -2.5926 -1.7811
   63LYS     CD 1008   2.203   7.910   3.726  0.7362  0.6825 -0.6943
   63LYS    HD1 1009   2.210   7.943   3.622  3.5047 -0.3930 -0.9421
   63LYS    HD2 1010   2.095   7.894   3.732  0.7107  1.2890  0.8983
   63LYS     CE 1011   2.257   8.032   3.805 -0.2814 -0.0117  0.3034
   63LYS    HE1 1012   2.351   8.076   3.773  0.1169  0.5098  2.0839
   63LYS    HE2 1013   2.182   8.110   3.796 -0.8197 -0.3400  1.7407
   63LYS     NZ 1014   2.257   8.007   3.954 -0.6194  0.0096 -0.0617
   63LYS    HZ1 1015   2.233   8.089   4.009 -0.0588  1.2487 -1.6018
   63LYS    HZ2 1016   2.180   7.945   3.974 -0.9370 -0.0259 -1.3229
   63LYS    HZ3 1017   2.341   7.961   3.984 -1.0994 -1.4139 -0.8710
   63LYS      C 1018   2.239   7.478   3.820  0.3360  0.0785 -0.0244
   63LYS      O 1019   2.141   7.400   3.801 -0.5047 -0.2806 -0.2596
   64GLU      N 1020   2.287   7.521   3.937  0.8862 -0.0667 -0.7277
   64GLU      H 1021   2.371   7.578   3.937  1.6378 -1.1581 -0.8876
   64GLU     CA 1022   2.240   7.478   4.067 -0.3131  0.5483 -0.8019
   64GLU     HA 1023   2.306   7.531   4.135 -0.0356 -0.2336 -0.4494
   64GLU     CB 1024   2.095   7.535   4.096  0.4554  0.2712  0.1396
   64GLU    HB1 1025   2.039   7.563   4.007 -3.2228 -0.6526  1.9643
   64GLU    HB2 1026   2.029   7.462   4.142  0.3984 -0.0418 -0.4378
   64GLU     CG 1027   2.092   7.658   4.184  0.2108 -0.4992  0.3414
   64GLU    HG1 1028   1.991   7.693   4.206  0.7970  2.9530 -1.7468
   64GLU    HG2 1029   2.158   7.635   4.269 -1.1249 -1.7266  1.0772
   64GLU     CD 1030   2.154   7.783   4.111 -0.4814  0.3519 -0.0924
   64GLU    OE1 1031   2.080   7.857   4.049 -0.1171 -0.4037  0.1462
   64GLU    OE2 1032   2.277   7.796   4.122 -0.5523 -0.4661  0.5024
   64GLU      C 1033   2.264   7.331   4.112 -0.5432 -0.3234 -0.3225
   64GLU      O 1034   2.201   7.283   4.203  0.0173  0.5869 -0.7906
   65SER      N 1035   2.360   7.267   4.050 -0.2779  0.3142  0.3344
   65SER      H 1036   2.399   7.308   3.966 -1.8146 -0.0832 -0.6092
   65SER     CA 1037   2.384   7.126   4.072  0.3306  0.4579 -0.4570
   65SER     HA 1038   2.290   7.070   4.083  2.1220 -2.9014 -0.8086
   65SER     CB 1039   2.468   7.077   3.955  0.1220 -0.3573 -0.0361
   65SER    HB1 1040   2.552   7.139   3.926 -0.0500 -0.6775 -1.2941
   65SER    HB2 1041   2.523   6.985   3.975  1.4624  0.2213 -0.8890
   65SER     OG 1042   2.389   7.067   3.847  0.4602  0.2161 -0.3999
   65SER     HG 1043   2.385   7.153   3.806  1.6966  0.4696 -0.0461
   65SER      C 1044   2.463   7.104   4.204  0.0216  0.3278  0.2110
   65SER      O 1045   2.561   7.171   4.233 -0.5051 -0.2785 -0.2741
   66THR      N 1046   2.433   7.002   4.278  0.1351  0.2990 -0.9347
   66THR      H 1047   2.338   6.969   4.271  0.1560 -0.5006  1.5715
   66THR     CA 1048   2.503   6.949   4.397 -0.1935 -0.0908  0.0030
   66THR     HA 1049   2.556   7.035   4.440 -1.1482  1.0529 -1.0189
   66THR     CB 1050   2.397   6.900   4.499 -0.3027  0.4920  0.1822
   66THR     HB 1051   2.449   6.842   4.576  1.4994  1.4383 -0.2480
   66THR    OG1 1052   2.300   6.820   4.428  0.6003 -0.0849 -0.1432
   66THR    HG1 1053   2.348   6.752   4.383 -1.4402 -1.0659 -0.9786
   66THR    CG2 1054   2.324   7.015   4.568 -0.0459 -0.0585 -0.0879
   66THR   HG21 1055   2.291   6.974   4.663  2.5255 -2.3263 -0.0719
   66THR   HG22 1056   2.382   7.106   4.585 -0.6876  0.4024 -0.2677
   66THR   HG23 1057   2.239   7.049   4.509  1.5544  2.7928 -0.9449
   66THR      C 1058   2.593   6.840   4.337 -0.2541  0.2326  0.4384
   66THR      O 1059   2.551   6.723   4.314  0.2699 -0.1307  0.3205
   67LEU      N 1060   2.723   6.867   4.340  0.0333 -0.0185 -0.7868
   67LEU      H 1061   2.748   6.961   4.367  0.9929 -0.1944 -1.0344
   67LEU     CA 1062   2.827   6.766   4.315 -0.4066  0.1742  0.2281
   67LEU     HA 1063   2.785   6.696   4.244  0.4409 -0.5998  0.4600
   67LEU     CB 1064   2.938   6.839   4.257  0.7384  0.3086  0.0862
   67LEU    HB1 1065   2.929   6.940   4.297  0.8713 -0.0958  1.2043
   67LEU    HB2 1066   3.031   6.785   4.274 -0.0628 -1.0028  0.4372
   67LEU     CG 1067   2.929   6.840   4.105 -0.8363  0.2285 -0.2126
   67LEU     HG 1068   2.914   6.734   4.083 -3.0871  0.2470  0.8661
   67LEU    CD1 1069   2.813   6.926   4.046  0.8803 -0.3664 -0.5501
   67LEU   HD11 1070   2.817   6.943   3.938  0.1817  2.2523 -0.2474
   67LEU   HD12 1071   2.712   6.891   4.065 -0.5660  1.6803 -3.6426
   67LEU   HD13 1072   2.819   7.030   4.081  0.0650  0.1828 -1.9700
   67LEU    CD2 1073   3.062   6.883   4.035  0.4424  0.1304 -0.3064
   67LEU   HD21 1074   3.086   6.984   4.068 -1.1908  0.6844 -0.7091
   67LEU   HD22 1075   3.140   6.814   4.070  0.4242  0.0091 -0.5117
   67LEU   HD23 1076   3.062   6.879   3.926  2.1393  0.9015 -0.3767
   67LEU      C 1077   2.870   6.700   4.444 -1.1403  0.9754 -0.1109
   67LEU      O 1078   2.897   6.774   4.544  0.5126  0.1913  0.6419
   68HIS      N 1079   2.881   6.567   4.442 -0.0448  0.1730 -0.0257
   68HIS      H 1080   2.867   6.521   4.353 -1.7349  1.7686 -0.6543
   68HIS     CA 1081   2.947   6.489   4.548 -0.1627 -0.6186  0.9220
   68HIS     HA 1082   2.941   6.545   4.640  0.9560 -1.8209  1.7775
   68HIS     CB 1083   2.899   6.345   4.568 -0.0442  0.1449  0.5402
   68HIS    HB1 1084   2.926   6.298   4.474  0.3204  1.6677 -0.1456
   68HIS    HB2 1085   2.946   6.300   4.656  0.6431  1.2043  0.7408
   68HIS     CG 1086   2.753   6.341   4.574  0.4831 -0.2723  0.3191
   68HIS    ND1 1087   2.683   6.402   4.675  0.2471 -0.6460 -0.9760
   68HIS    CD2 1088   2.667   6.277   4.487 -0.3062  0.5118  0.4748
   68HIS    HD2 1089   2.682   6.222   4.396  1.6272 -0.6251  1.4072
   68HIS    CE1 1090   2.557   6.374   4.654  0.6520 -0.6122 -0.1334
   68HIS    HE1 1091   2.473   6.410   4.709  0.6799 -0.4591 -0.1903
   68HIS    NE2 1092   2.543   6.303   4.541  0.0483  0.4714 -0.1241
   68HIS    HE2 1093   2.456   6.276   4.494 -0.7721  0.0121  1.6158
   68HIS      C 1094   3.099   6.478   4.505 -0.8178  0.6069  0.7863
   68HIS      O 1095   3.133   6.450   4.388 -0.9906  0.3743  0.7901
   69LEU      N 1096   3.192   6.499   4.606  0.7418  0.4806  0.0028
   69LEU      H 1097   3.162   6.520   4.700 -0.2449  3.3426 -0.8466
   69LEU     CA 1098   3.330   6.482   4.587 -0.7766 -0.6733  0.1875
   69LEU     HA 1099   3.360   6.491   4.483 -0.4724  0.2849  0.3498
   69LEU     CB 1100   3.397   6.590   4.679  0.5942  0.7789 -0.5384
   69LEU    HB1 1101   3.339   6.682   4.671 -0.0835  0.3285 -0.7437
   69LEU    HB2 1102   3.396   6.562   4.784  0.7042 -0.2963 -0.8130
   69LEU     CG 1103   3.544   6.617   4.664  0.5685 -0.4694 -0.1776
   69LEU     HG 1104   3.600   6.526   4.686 -0.1324 -0.9478 -0.3359
   69LEU    CD1 1105   3.588   6.650   4.524  0.3942  0.3042  0.0248
   69LEU   HD11 1106   3.574   6.567   4.457 -0.6182  1.4710 -1.2825
   69LEU   HD12 1107   3.525   6.731   4.488 -0.8349 -1.0206 -0.8680
   69LEU   HD13 1108   3.689   6.688   4.511  0.4222  2.0686  3.7011
   69LEU    CD2 1109   3.594   6.724   4.755 -0.3879 -0.3798 -0.2258
   69LEU   HD21 1110   3.701   6.744   4.738 -0.2825  0.7447  1.5023
   69LEU   HD22 1111   3.558   6.824   4.730 -0.5177 -0.4018 -0.1187
   69LEU   HD23 1112   3.578   6.716   4.862 -1.1393 -0.0928 -0.3061
   69LEU      C 1113   3.374   6.345   4.653  0.7558 -0.4054 -0.0925
   69LEU      O 1114   3.340   6.319   4.772 -0.0941  0.5997 -0.6983
   70VAL      N 1115   3.453   6.267   4.586 -0.3357 -0.2197 -0.0493
   70VAL      H 1116   3.482   6.296   4.494  4.6437  1.5255  1.7012
   70VAL     CA 1117   3.514   6.143   4.627 -0.1530 -0.4115 -0.4270
   70VAL     HA 1118   3.516   6.144   4.736 -0.0945  0.7881 -0.4251
   70VAL     CB 1119   3.418   6.023   4.596 -0.4637  0.1808 -0.0046
   70VAL     HB 1120   3.326   6.042   4.652 -0.8894 -0.5460 -0.4261
   70VAL    CG1 1121   3.364   6.021   4.450 -0.3634  0.9152 -0.3853
   70VAL   HG11 1122   3.287   6.098   4.437  0.2941  1.7662  0.5807
   70VAL   HG12 1123   3.446   6.026   4.378  0.5382 -3.6128  0.1193
   70VAL   HG13 1124   3.303   5.935   4.427 -0.4088  1.1522 -1.2209
   70VAL    CG2 1125   3.465   5.877   4.634  0.6303 -0.4141 -0.2334
   70VAL   HG21 1126   3.373   5.820   4.620  0.3916 -0.2469  0.5724
   70VAL   HG22 1127   3.533   5.839   4.557 -0.7261  0.1446 -1.7979
   70VAL   HG23 1128   3.504   5.854   4.732  0.7203  0.6608 -0.0066
   70VAL      C 1129   3.663   6.146   4.584  0.4924 -0.3848  0.4318
   70VAL      O 1130   3.715   6.248   4.544 -0.2667  0.2492  0.0855
   71LEU      N 1131   3.722   6.032   4.583  0.4096  0.1243  0.1350
   71LEU      H 1132   3.662   5.953   4.603  0.7122  0.0367  0.6980
   71LEU     CA 1133   3.862   6.003   4.557  0.1448 -0.5632  0.0505
   71LEU     HA 1134   3.928   6.090   4.557  0.1227 -0.5153 -1.2602
   71LEU     CB 1135   3.906   5.886   4.648 -0.2753 -0.6843  0.1721
   71LEU    HB1 1136   3.849   5.792   4.643 -0.8289 -0.2985 -1.0030
   71LEU    HB2 1137   4.009   5.855   4.630  0.1165  0.8095 -0.2721
   71LEU     CG 1138   3.898   5.923   4.799  0.1116  0.4279 -0.1368
   71LEU     HG 1139   3.802   5.967   4.826  0.6885  2.7095 -1.4465
   71LEU    CD1 1140   3.912   5.802   4.881 -0.2899 -0.1231  0.4549
   71LEU   HD11 1141   3.887   5.814   4.986 -0.6193  0.0992  0.3510
   71LEU   HD12 1142   3.838   5.727   4.854 -0.3448 -0.1299  0.6226
   71LEU   HD13 1143   4.014   5.763   4.881 -0.3319 -0.3597  2.2510
   71LEU    CD2 1144   3.997   6.046   4.835  0.0285  0.6956  0.0525
   71LEU   HD21 1145   3.968   6.087   4.932  1.1785  0.6388  0.4387
   71LEU   HD22 1146   4.099   6.011   4.825 -0.4390 -0.5213 -0.7622
   71LEU   HD23 1147   3.997   6.123   4.758 -0.3173  0.4743 -0.1753
   71LEU      C 1148   3.868   5.942   4.412  0.1944 -0.8039  0.4892
   71LEU      O 1149   3.773   5.877   4.371 -0.7218  0.1282 -0.1813
   72ARG      N 1150   3.976   5.950   4.335 -0.2028 -0.2131 -0.1607
   72ARG      H 1151   4.059   5.991   4.376 -0.5642 -0.7740  1.1601
   72ARG     CA 1152   3.979   5.911   4.192  0.3051 -0.6764 -0.6114
   72ARG     HA 1153   3.879   5.923   4.152  0.0009  0.7425  0.4723
   72ARG     CB 1154   4.079   6.006   4.118 -0.0104  0.9566 -0.3326
   72ARG    HB1 1155   4.052   6.107   4.149  0.3050  0.9494 -0.0316
   72ARG    HB2 1156   4.183   5.998   4.150 -0.4659 -0.5221  0.9257
   72ARG     CG 1157   4.070   6.008   3.962  0.2483 -0.3425 -0.2631
   72ARG    HG1 1158   4.156   5.948   3.931 -0.1892 -0.4196 -1.3931
   72ARG    HG2 1159   3.984   5.948   3.931 -1.5156  2.6697 -1.6817
   72ARG     CD 1160   4.062   6.141   3.886 -0.4182  0.2974  0.2122
   72ARG    HD1 1161   3.996   6.127   3.800 -2.0830  0.0901  1.4822
   72ARG    HD2 1162   4.036   6.224   3.952  1.3449  0.0877  1.2615
   72ARG     NE 1163   4.190   6.177   3.824 -0.6596 -0.2315 -0.1270
   72ARG     HE 1164   4.280   6.156   3.863  1.1008  0.5055 -3.4228
   72ARG     CZ 1165   4.200   6.277   3.730  1.1846  0.0183 -0.6319
   72ARG    NH1 1166   4.088   6.331   3.682 -0.3778  0.0742  0.5032
   72ARG   HH11 1167   4.099   6.416   3.628 -0.2757 -0.6629 -0.6641
   72ARG   HH12 1168   3.992   6.313   3.707 -0.2791  0.7009  1.3825
   72ARG    NH2 1169   4.309   6.331   3.691 -0.8656 -0.3351  0.1615
   72ARG   HH21 1170   4.401   6.303   3.727 -0.9103  0.2991  0.8018
   72ARG   HH22 1171   4.301   6.413   3.635 -1.9524 -0.9792 -0.6674
   72ARG      C 1172   4.012   5.764   4.178  0.9490  0.0040 -0.0039
   72ARG      O 1173   4.127   5.730   4.135 -0.7053  0.1599  0.4371
   73LEU      N 1174   3.911   5.676   4.190  0.6588 -0.0814  0.6664
   73LEU      H 1175   3.821   5.707   4.224  0.2464 -0.8106  0.2711
   73LEU     CA 1176   3.904   5.557   4.113 -0.0119 -0.0877  0.0245
   73LEU     HA 1177   3.997   5.502   4.125  0.2657  0.4514  0.3968
   73LEU     CB 1178   3.777   5.469   4.162 -1.3064 -0.0492  0.4950
   73LEU    HB1 1179   3.687   5.527   4.145  0.0280  2.4046  1.3043
   73LEU    HB2 1180   3.773   5.382   4.097 -1.7079 -1.1099  1.8745
   73LEU     CG 1181   3.779   5.430   4.317 -0.5847 -0.2890 -0.3051
   73LEU     HG 1182   3.717   5.342   4.335 -1.1242 -0.3434 -2.1889
   73LEU    CD1 1183   3.914   5.391   4.375  0.4954  0.2082 -0.4201
   73LEU   HD11 1184   3.943   5.301   4.319 -2.1621 -0.8492 -0.2881
   73LEU   HD12 1185   3.990   5.469   4.367 -1.4173  2.2518  0.3992
   73LEU   HD13 1186   3.905   5.360   4.479  0.3881  0.6553 -0.2943
   73LEU    CD2 1187   3.730   5.554   4.402 -0.6302 -0.2297  0.0368
   73LEU   HD21 1188   3.652   5.607   4.349 -0.1590  0.3145 -0.1177
   73LEU   HD22 1189   3.696   5.521   4.501  0.2827  3.5521  1.7836
   73LEU   HD23 1190   3.800   5.636   4.411 -2.1107  0.9632  1.1934
   73LEU      C 1191   3.888   5.594   3.961  0.0438 -0.2308 -0.1944
   73LEU      O 1192   3.847   5.703   3.917  0.4402  0.4112  0.6063
   74ARG      N 1193   3.942   5.502   3.876  0.4250 -0.6624 -0.4129
   74ARG      H 1194   3.964   5.413   3.918 -0.2385 -1.1069 -0.9953
   74ARG     CA 1195   3.974   5.517   3.735  0.3562  0.1938  0.0749
   74ARG     HA 1196   3.900   5.590   3.701  2.3486  2.1803 -0.2530
   74ARG     CB 1197   4.128   5.568   3.720  0.6143 -0.3139  0.4846
   74ARG    HB1 1198   4.193   5.487   3.752 -0.1844 -1.4765 -0.6947
   74ARG    HB2 1199   4.152   5.574   3.614 -2.2439 -0.3144 -0.2671
   74ARG     CG 1200   4.160   5.704   3.796  0.3783  0.5950  0.9406
   74ARG    HG1 1201   4.097   5.787   3.763 -0.4885 -1.1154 -2.0338
   74ARG    HG2 1202   4.141   5.690   3.902  0.9859  0.5494  1.0528
   74ARG     CD 1203   4.302   5.747   3.761 -0.4686  0.2291 -0.2953
   74ARG    HD1 1204   4.361   5.660   3.732 -1.3731 -1.0839  1.6144
   74ARG    HD2 1205   4.308   5.805   3.670  1.8216 -0.6606 -0.7849
   74ARG     NE 1206   4.365   5.818   3.880 -0.3631  0.4988  0.2394
   74ARG     HE 1207   4.345   5.769   3.967 -1.4517 -0.7427 -0.6758
   74ARG     CZ 1208   4.425   5.934   3.882 -1.1781 -0.1274 -0.5707
   74ARG    NH1 1209   4.466   5.999   3.772 -0.2030 -0.1675 -0.3788
   74ARG   HH11 1210   4.454   5.975   3.675 -0.9286  0.7453 -0.5273
   74ARG   HH12 1211   4.513   6.089   3.772 -2.3651  1.0357 -1.2549
   74ARG    NH2 1212   4.455   5.997   4.000  0.0627 -0.1686 -0.3373
   74ARG   HH21 1213   4.435   5.967   4.094 -0.3734 -2.0763 -1.0029
   74ARG   HH22 1214   4.502   6.087   4.000 -1.0895  0.4521  0.5339
   74ARG      C 1215   3.935   5.390   3.643 -0.5539 -0.0775 -0.1265
   74ARG      O 1216   4.019   5.352   3.562  0.2889 -0.4108 -0.1612
   75GLY      N 1217   3.819   5.319   3.661  0.2166  0.3004  0.1688
   75GLY      H 1218   3.750   5.359   3.722  0.5614  0.7208  0.2873
   75GLY     CA 1219   3.776   5.213   3.568  0.3318  0.6695 -0.2193
   75GLY    HA1 1220   3.845   5.204   3.484  0.9675 -0.7296  0.4159
   75GLY    HA2 1221   3.793   5.116   3.615  1.7515  0.2127 -1.5670
   75GLY      C 1222   3.643   5.241   3.511  0.0607 -0.6718 -0.8377
   75GLY      O 1223   3.559   5.149   3.520  0.0754  0.2247  0.1285
   76GLY      N 1224   3.616   5.364   3.469 -0.3941  0.1701  0.4737
   76GLY      H 1225   3.680   5.431   3.510 -1.1572  0.2876  1.5221
   76GLY     CA 1226   3.484   5.424   3.450  0.6959 -0.7628  0.1208
   76GLY    HA1 1227   3.469   5.465   3.349  0.5728  0.2826  0.5559
   76GLY    HA2 1228   3.404   5.354   3.472  2.4155 -2.6590  0.6694
   76GLY      C 1229   3.471   5.540   3.557 -0.2045 -0.2930  0.2917
   76GLY     O1 1230   3.372   5.613   3.561 -0.2938  0.3310  0.1557
   76GLY     O2 1231   3.568   5.553   3.634 -0.8828 -0.0241 -0.4854
